[1, 2, 3, 4, 5, 6, 7, 8, 9, 10, 11, 12, 13, 14, 0, 15]	[L]
[1, 2, 3, 4, 5, 6, 7, 8, 9, 10, 11, 0, 13, 14, 15, 12]	[G]
[1, 2, 3, 4, 5, 6, 7, 8, 9, 10, 11, 12, 13, 0, 14, 15]	[L, L]
[1, 2, 3, 4, 5, 6, 7, 8, 9, 10, 0, 11, 13, 14, 15, 12]	[L, G]
[1, 2, 3, 4, 5, 6, 7, 0, 9, 10, 11, 8, 13, 14, 15, 12]	[G, G]
[1, 2, 3, 4, 5, 6, 7, 8, 9, 10, 0, 12, 13, 14, 11, 15]	[G, L]
[1, 2, 3, 4, 5, 6, 7, 8, 9, 0, 11, 12, 13, 10, 14, 15]	[G, L, L]
[1, 2, 3, 4, 5, 6, 0, 8, 9, 10, 7, 11, 13, 14, 15, 12]	[G, L, G]
[1, 2, 3, 4, 5, 6, 7, 8, 9, 10, 12, 0, 13, 14, 11, 15]	[P, G, L]
[1, 2, 3, 4, 5, 6, 7, 8, 9, 10, 15, 11, 13, 14, 0, 12]	[D, L, G]
[1, 2, 3, 4, 5, 6, 0, 7, 9, 10, 11, 8, 13, 14, 15, 12]	[L, G, G]
[1, 2, 3, 0, 5, 6, 7, 4, 9, 10, 11, 8, 13, 14, 15, 12]	[G, G, G]
[1, 2, 3, 4, 5, 6, 7, 8, 9, 10, 11, 12, 0, 13, 14, 15]	[L, L, L]
[1, 2, 3, 4, 5, 6, 0, 8, 9, 10, 7, 12, 13, 14, 11, 15]	[G, G, L]
[1, 2, 3, 4, 5, 6, 7, 8, 9, 0, 10, 12, 13, 14, 11, 15]	[L, G, L]
[1, 2, 3, 4, 5, 6, 7, 8, 9, 0, 10, 11, 13, 14, 15, 12]	[L, L, G]
[1, 2, 3, 4, 5, 0, 6, 8, 9, 10, 7, 12, 13, 14, 11, 15]	[L, G, G, L]
[1, 2, 3, 4, 5, 6, 7, 8, 0, 9, 10, 11, 13, 14, 15, 12]	[L, L, L, G]
[1, 2, 3, 4, 5, 0, 7, 8, 9, 6, 10, 11, 13, 14, 15, 12]	[G, L, L, G]
[1, 2, 3, 4, 5, 6, 8, 0, 9, 10, 7, 12, 13, 14, 11, 15]	[P, G, G, L]
[1, 2, 3, 4, 5, 0, 7, 8, 9, 6, 11, 12, 13, 10, 14, 15]	[G, G, L, L]
[1, 2, 3, 4, 5, 6, 7, 8, 0, 10, 11, 12, 9, 13, 14, 15]	[G, L, L, L]
[1, 2, 3, 4, 5, 6, 8, 0, 9, 10, 7, 11, 13, 14, 15, 12]	[P, G, L, G]
[1, 2, 0, 3, 5, 6, 7, 4, 9, 10, 11, 8, 13, 14, 15, 12]	[L, G, G, G]
[1, 2, 3, 4, 5, 6, 7, 8, 9, 14, 10, 12, 13, 0, 11, 15]	[D, L, G, L]
[1, 2, 0, 4, 5, 6, 3, 7, 9, 10, 11, 8, 13, 14, 15, 12]	[G, L, G, G]
[1, 2, 3, 4, 5, 6, 7, 0, 9, 10, 12, 8, 13, 14, 11, 15]	[G, P, G, L]
[1, 2, 3, 4, 5, 6, 7, 8, 9, 10, 15, 11, 13, 0, 14, 12]	[L, D, L, G]
[1, 2, 3, 4, 5, 0, 6, 8, 9, 10, 7, 11, 13, 14, 15, 12]	[L, G, L, G]
[1, 2, 3, 4, 5, 6, 11, 7, 9, 10, 0, 8, 13, 14, 15, 12]	[D, L, G, G]
[1, 2, 3, 4, 5, 6, 7, 8, 9, 10, 15, 11, 13, 14, 12, 0]	[P, D, L, G]
[1, 2, 3, 4, 5, 6, 7, 8, 0, 9, 11, 12, 13, 10, 14, 15]	[L, G, L, L]
[1, 2, 3, 4, 5, 0, 7, 8, 9, 6, 10, 12, 13, 14, 11, 15]	[G, L, G, L]
[1, 2, 3, 4, 5, 6, 7, 8, 9, 10, 12, 15, 13, 14, 11, 0]	[D, P, G, L]
[1, 2, 3, 4, 5, 0, 6, 7, 9, 10, 11, 8, 13, 14, 15, 12]	[L, L, G, G]
[1, 2, 3, 4, 5, 6, 7, 8, 9, 14, 10, 11, 13, 0, 15, 12]	[D, L, L, G]
[1, 2, 0, 4, 5, 6, 3, 8, 9, 10, 7, 11, 13, 14, 15, 12]	[G, G, L, G]
[1, 2, 3, 4, 5, 6, 7, 8, 9, 11, 0, 12, 13, 10, 14, 15]	[P, G, L, L]
[1, 2, 3, 4, 5, 6, 7, 8, 0, 9, 10, 12, 13, 14, 11, 15]	[L, L, G, L]
[1, 2, 0, 4, 5, 6, 3, 8, 9, 10, 7, 12, 13, 14, 11, 15]	[G, G, G, L]
[1, 2, 3, 4, 5, 6, 7, 8, 9, 10, 15, 11, 0, 13, 14, 12]	[L, L, D, L, G]
[1, 2, 3, 4, 5, 6, 0, 7, 9, 10, 12, 8, 13, 14, 11, 15]	[L, G, P, G, L]
[1, 2, 3, 4, 5, 6, 7, 8, 9, 14, 10, 11, 0, 13, 15, 12]	[L, D, L, L, G]
[1, 0, 2, 4, 5, 6, 3, 7, 9, 10, 11, 8, 13, 14, 15, 12]	[L, G, L, G, G]
[1, 2, 3, 4, 0, 6, 7, 8, 5, 9, 11, 12, 13, 10, 14, 15]	[G, L, G, L, L]
[1, 2, 3, 4, 5, 6, 7, 8, 9, 10, 12, 15, 13, 14, 0, 11]	[L, D, P, G, L]
[1, 2, 3, 4, 0, 6, 7, 8, 5, 9, 10, 12, 13, 14, 11, 15]	[G, L, L, G, L]
[1, 2, 3, 4, 5, 6, 7, 8, 13, 9, 11, 12, 0, 10, 14, 15]	[D, L, G, L, L]
[1, 2, 3, 4, 5, 6, 7, 8, 9, 14, 10, 11, 13, 15, 0, 12]	[P, D, L, L, G]
[1, 2, 3, 4, 0, 5, 6, 7, 9, 10, 11, 8, 13, 14, 15, 12]	[L, L, L, G, G]
[1, 2, 3, 4, 5, 6, 7, 8, 9, 14, 10, 12, 0, 13, 11, 15]	[L, D, L, G, L]
[1, 0, 2, 3, 5, 6, 7, 4, 9, 10, 11, 8, 13, 14, 15, 12]	[L, L, G, G, G]
[1, 2, 3, 4, 5, 6, 7, 8, 10, 0, 11, 12, 9, 13, 14, 15]	[P, G, L, L, L]
[1, 2, 3, 4, 5, 6, 8, 11, 9, 10, 7, 0, 13, 14, 15, 12]	[D, P, G, L, G]
[1, 2, 3, 4, 0, 5, 6, 8, 9, 10, 7, 12, 13, 14, 11, 15]	[L, L, G, G, L]
[1, 2, 3, 4, 0, 6, 7, 8, 5, 9, 10, 11, 13, 14, 15, 12]	[G, L, L, L, G]
[1, 2, 4, 0, 5, 6, 3, 8, 9, 10, 7, 12, 13, 14, 11, 15]	[P, G, G, G, L]
[1, 2, 3, 4, 5, 6, 7, 8, 9, 10, 15, 0, 13, 14, 12, 11]	[G, P, D, L, G]
[1, 2, 3, 4, 5, 6, 8, 12, 9, 10, 7, 0, 13, 14, 11, 15]	[D, P, G, G, L]
[1, 2, 3, 4, 0, 6, 7, 8, 5, 10, 11, 12, 9, 13, 14, 15]	[G, G, L, L, L]
[1, 2, 3, 4, 5, 10, 6, 8, 9, 0, 7, 11, 13, 14, 15, 12]	[D, L, G, L, G]
[1, 2, 3, 0, 5, 6, 7, 4, 9, 10, 12, 8, 13, 14, 11, 15]	[G, G, P, G, L]
[1, 2, 3, 4, 5, 10, 6, 8, 9, 0, 7, 12, 13, 14, 11, 15]	[D, L, G, G, L]
[1, 2, 3, 4, 5, 6, 7, 8, 9, 11, 12, 0, 13, 10, 14, 15]	[P, P, G, L, L]
[1, 0, 2, 4, 5, 6, 3, 8, 9, 10, 7, 12, 13, 14, 11, 15]	[L, G, G, G, L]
[1, 2, 3, 4, 0, 5, 7, 8, 9, 6, 11, 12, 13, 10, 14, 15]	[L, G, G, L, L]
[1, 2, 3, 0, 5, 6, 8, 4, 9, 10, 7, 11, 13, 14, 15, 12]	[G, P, G, L, G]
[1, 2, 3, 4, 5, 6, 11, 7, 9, 0, 10, 8, 13, 14, 15, 12]	[L, D, L, G, G]
[1, 0, 2, 4, 5, 6, 3, 8, 9, 10, 7, 11, 13, 14, 15, 12]	[L, G, G, L, G]
[1, 2, 3, 4, 0, 5, 6, 8, 9, 10, 7, 11, 13, 14, 15, 12]	[L, L, G, L, G]
[1, 2, 3, 0, 5, 6, 8, 4, 9, 10, 7, 12, 13, 14, 11, 15]	[G, P, G, G, L]
[1, 2, 3, 4, 5, 7, 0, 8, 9, 6, 10, 12, 13, 14, 11, 15]	[P, G, L, G, L]
[1, 2, 3, 4, 5, 6, 0, 8, 9, 11, 7, 12, 13, 10, 14, 15]	[G, P, G, L, L]
[1, 2, 3, 4, 5, 6, 7, 8, 13, 9, 10, 11, 0, 14, 15, 12]	[D, L, L, L, G]
[1, 2, 4, 0, 5, 6, 3, 8, 9, 10, 7, 11, 13, 14, 15, 12]	[P, G, G, L, G]
[1, 2, 3, 4, 5, 6, 11, 7, 9, 10, 15, 8, 13, 14, 0, 12]	[D, D, L, G, G]
[1, 2, 3, 4, 5, 6, 7, 8, 13, 9, 10, 12, 0, 14, 11, 15]	[D, L, L, G, L]
[1, 0, 3, 4, 5, 2, 6, 8, 9, 10, 7, 12, 13, 14, 11, 15]	[G, L, G, G, L]
[1, 0, 3, 4, 5, 2, 7, 8, 9, 6, 11, 12, 13, 10, 14, 15]	[G, G, G, L, L]
[1, 2, 7, 3, 5, 6, 0, 4, 9, 10, 11, 8, 13, 14, 15, 12]	[D, L, G, G, G]
[1, 2, 3, 4, 5, 6, 7, 8, 9, 0, 15, 11, 13, 10, 14, 12]	[G, L, D, L, G]
[1, 0, 3, 4, 5, 2, 7, 8, 9, 6, 10, 12, 13, 14, 11, 15]	[G, G, L, G, L]
[1, 2, 3, 4, 5, 7, 0, 8, 9, 6, 11, 12, 13, 10, 14, 15]	[P, G, G, L, L]
[1, 2, 3, 4, 5, 6, 11, 7, 9, 10, 8, 0, 13, 14, 15, 12]	[P, D, L, G, G]
[1, 0, 3, 4, 5, 2, 6, 7, 9, 10, 11, 8, 13, 14, 15, 12]	[G, L, L, G, G]
[1, 2, 3, 4, 5, 6, 7, 8, 9, 11, 14, 12, 13, 10, 0, 15]	[D, P, G, L, L]
[1, 2, 3, 4, 0, 5, 7, 8, 9, 6, 10, 12, 13, 14, 11, 15]	[L, G, L, G, L]
[1, 2, 3, 4, 5, 10, 6, 7, 9, 0, 11, 8, 13, 14, 15, 12]	[D, L, L, G, G]
[1, 2, 4, 0, 5, 6, 3, 7, 9, 10, 11, 8, 13, 14, 15, 12]	[P, G, L, G, G]
[1, 2, 3, 4, 5, 6, 7, 8, 9, 14, 10, 12, 13, 11, 0, 15]	[P, D, L, G, L]
[1, 0, 3, 4, 5, 2, 7, 8, 9, 6, 10, 11, 13, 14, 15, 12]	[G, G, L, L, G]
[1, 2, 3, 4, 0, 5, 7, 8, 9, 6, 10, 11, 13, 14, 15, 12]	[L, G, L, L, G]
[1, 0, 3, 4, 5, 2, 6, 8, 9, 10, 7, 11, 13, 14, 15, 12]	[G, L, G, L, G]
[1, 2, 3, 4, 5, 7, 0, 8, 9, 6, 10, 11, 13, 14, 15, 12]	[P, G, L, L, G]
[1, 2, 3, 4, 9, 5, 7, 8, 0, 6, 11, 12, 13, 10, 14, 15]	[D, L, G, G, L, L]
[0, 1, 2, 4, 5, 6, 3, 7, 9, 10, 11, 8, 13, 14, 15, 12]	[L, L, G, L, G, G]
[1, 2, 7, 3, 5, 6, 11, 4, 9, 10, 0, 8, 13, 14, 15, 12]	[D, D, L, G, G, G]
[1, 2, 3, 4, 5, 6, 11, 7, 9, 10, 8, 12, 13, 14, 15, 0]	[D, P, D, L, G, G]
[0, 2, 3, 4, 1, 6, 7, 8, 5, 10, 11, 12, 9, 13, 14, 15]	[G, G, G, L, L, L]
[1, 2, 3, 4, 5, 6, 7, 8, 13, 9, 11, 12, 10, 0, 14, 15]	[P, D, L, G, L, L]
[1, 2, 3, 4, 5, 6, 7, 8, 10, 13, 11, 12, 9, 0, 14, 15]	[D, P, G, L, L, L]
[1, 6, 2, 3, 5, 0, 7, 4, 9, 10, 11, 8, 13, 14, 15, 12]	[D, L, L, G, G, G]
[1, 2, 3, 4, 5, 6, 7, 8, 0, 14, 10, 12, 9, 13, 11, 15]	[G, L, D, L, G, L]
[1, 2, 3, 4, 9, 5, 6, 7, 0, 10, 11, 8, 13, 14, 15, 12]	[D, L, L, L, G, G]
[1, 2, 4, 8, 5, 6, 3, 0, 9, 10, 7, 12, 13, 14, 11, 15]	[D, P, G, G, G, L]
[0, 1, 2, 3, 5, 6, 7, 4, 9, 10, 11, 8, 13, 14, 15, 12]	[L, L, L, G, G, G]
[1, 2, 4, 7, 5, 6, 3, 0, 9, 10, 11, 8, 13, 14, 15, 12]	[D, P, G, L, G, G]
[1, 2, 3, 4, 5, 10, 6, 8, 0, 9, 7, 12, 13, 14, 11, 15]	[L, D, L, G, G, L]
[1, 3, 0, 4, 5, 2, 6, 8, 9, 10, 7, 12, 13, 14, 11, 15]	[P, G, L, G, G, L]
[1, 2, 7, 3, 5, 0, 6, 4, 9, 10, 11, 8, 13, 14, 15, 12]	[L, D, L, G, G, G]
[1, 2, 3, 4, 6, 0, 7, 8, 5, 9, 11, 12, 13, 10, 14, 15]	[P, G, L, G, L, L]
[1, 2, 0, 3, 5, 6, 7, 4, 9, 10, 12, 8, 13, 14, 11, 15]	[L, G, G, P, G, L]
[1, 2, 3, 4, 5, 0, 7, 8, 10, 6, 11, 12, 9, 13, 14, 15]	[G, P, G, L, L, L]
[1, 2, 3, 4, 5, 6, 8, 12, 9, 10, 7, 15, 13, 14, 11, 0]	[D, D, P, G, G, L]
[1, 2, 3, 4, 5, 6, 7, 8, 13, 9, 10, 11, 14, 0, 15, 12]	[P, D, L, L, L, G]
[1, 3, 0, 4, 5, 2, 6, 8, 9, 10, 7, 11, 13, 14, 15, 12]	[P, G, L, G, L, G]
[1, 6, 2, 4, 5, 0, 3, 8, 9, 10, 7, 12, 13, 14, 11, 15]	[D, L, G, G, G, L]
[1, 2, 3, 4, 5, 6, 7, 8, 13, 9, 10, 12, 14, 0, 11, 15]	[P, D, L, L, G, L]
[1, 6, 2, 4, 5, 0, 3, 8, 9, 10, 7, 11, 13, 14, 15, 12]	[D, L, G, G, L, G]
[1, 2, 3, 4, 5, 0, 7, 8, 9, 6, 15, 11, 13, 10, 14, 12]	[G, G, L, D, L, G]
[1, 2, 3, 4, 5, 10, 6, 8, 0, 9, 7, 11, 13, 14, 15, 12]	[L, D, L, G, L, G]
[1, 2, 3, 4, 9, 5, 7, 8, 0, 6, 10, 12, 13, 14, 11, 15]	[D, L, G, L, G, L]
[1, 3, 0, 4, 5, 2, 7, 8, 9, 6, 10, 12, 13, 14, 11, 15]	[P, G, G, L, G, L]
[1, 2, 3, 4, 5, 7, 10, 8, 9, 6, 0, 11, 13, 14, 15, 12]	[D, P, G, L, L, G]
[1, 3, 0, 4, 5, 2, 6, 7, 9, 10, 11, 8, 13, 14, 15, 12]	[P, G, L, L, G, G]
[1, 2, 3, 4, 5, 6, 7, 8, 9, 15, 0, 11, 13, 10, 14, 12]	[P, G, L, D, L, G]
[1, 2, 3, 4, 5, 10, 6, 7, 0, 9, 11, 8, 13, 14, 15, 12]	[L, D, L, L, G, G]
[0, 2, 3, 4, 1, 6, 7, 8, 5, 9, 10, 11, 13, 14, 15, 12]	[G, G, L, L, L, G]
[1, 2, 3, 4, 6, 0, 7, 8, 5, 9, 10, 12, 13, 14, 11, 15]	[P, G, L, L, G, L]
[1, 2, 0, 3, 5, 6, 8, 4, 9, 10, 7, 12, 13, 14, 11, 15]	[L, G, P, G, G, L]
[1, 2, 3, 4, 5, 6, 11, 0, 9, 10, 8, 7, 13, 14, 15, 12]	[G, P, D, L, G, G]
[1, 2, 3, 4, 5, 6, 7, 8, 9, 10, 0, 15, 13, 14, 12, 11]	[L, G, P, D, L, G]
[1, 2, 3, 4, 5, 6, 7, 8, 0, 14, 10, 11, 9, 13, 15, 12]	[G, L, D, L, L, G]
[1, 2, 3, 4, 5, 6, 8, 0, 9, 11, 7, 12, 13, 10, 14, 15]	[P, G, P, G, L, L]
[0, 1, 3, 4, 5, 2, 7, 8, 9, 6, 10, 12, 13, 14, 11, 15]	[L, G, G, L, G, L]
[1, 2, 3, 4, 5, 6, 7, 8, 10, 11, 0, 12, 9, 13, 14, 15]	[P, P, G, L, L, L]
[0, 1, 2, 4, 5, 6, 3, 8, 9, 10, 7, 12, 13, 14, 11, 15]	[L, L, G, G, G, L]
[1, 2, 3, 4, 5, 6, 7, 0, 9, 10, 15, 8, 13, 14, 12, 11]	[G, G, P, D, L, G]
[1, 2, 0, 4, 5, 6, 3, 7, 9, 10, 12, 8, 13, 14, 11, 15]	[G, L, G, P, G, L]
[1, 2, 3, 4, 5, 6, 7, 0, 9, 11, 12, 8, 13, 10, 14, 15]	[G, P, P, G, L, L]
[0, 2, 3, 4, 1, 6, 7, 8, 5, 9, 11, 12, 13, 10, 14, 15]	[G, G, L, G, L, L]
[1, 2, 3, 4, 5, 6, 8, 11, 9, 10, 0, 7, 13, 14, 15, 12]	[L, D, P, G, L, G]
[1, 2, 3, 4, 6, 0, 7, 8, 5, 10, 11, 12, 9, 13, 14, 15]	[P, G, G, L, L, L]
[1, 2, 3, 4, 5, 0, 6, 8, 9, 11, 7, 12, 13, 10, 14, 15]	[L, G, P, G, L, L]
[0, 1, 2, 4, 5, 6, 3, 8, 9, 10, 7, 11, 13, 14, 15, 12]	[L, L, G, G, L, G]
[1, 2, 7, 3, 5, 6, 4, 0, 9, 10, 11, 8, 13, 14, 15, 12]	[P, D, L, G, G, G]
[1, 2, 4, 8, 5, 6, 3, 0, 9, 10, 7, 11, 13, 14, 15, 12]	[D, P, G, G, L, G]
[1, 2, 3, 4, 5, 7, 10, 8, 9, 6, 0, 12, 13, 14, 11, 15]	[D, P, G, L, G, L]
[1, 2, 3, 4, 5, 6, 7, 8, 9, 14, 10, 12, 13, 11, 15, 0]	[P, P, D, L, G, L]
[0, 2, 3, 4, 1, 5, 6, 8, 9, 10, 7, 11, 13, 14, 15, 12]	[G, L, L, G, L, G]
[1, 2, 3, 4, 5, 10, 6, 8, 9, 7, 0, 11, 13, 14, 15, 12]	[P, D, L, G, L, G]
[0, 2, 3, 4, 1, 5, 7, 8, 9, 6, 10, 11, 13, 14, 15, 12]	[G, L, G, L, L, G]
[1, 2, 0, 3, 5, 6, 8, 4, 9, 10, 7, 11, 13, 14, 15, 12]	[L, G, P, G, L, G]
[1, 2, 3, 4, 5, 6, 7, 8, 0, 10, 15, 11, 9, 13, 14, 12]	[G, L, L, D, L, G]
[0, 2, 3, 4, 1, 5, 7, 8, 9, 6, 11, 12, 13, 10, 14, 15]	[G, L, G, G, L, L]
[1, 2, 3, 4, 5, 6, 7, 8, 9, 14, 10, 11, 13, 15, 12, 0]	[P, P, D, L, L, G]
[0, 2, 3, 4, 1, 5, 6, 7, 9, 10, 11, 8, 13, 14, 15, 12]	[G, L, L, L, G, G]
[0, 1, 3, 4, 5, 2, 6, 8, 9, 10, 7, 12, 13, 14, 11, 15]	[L, G, L, G, G, L]
[1, 2, 3, 4, 5, 0, 6, 7, 9, 10, 12, 8, 13, 14, 11, 15]	[L, L, G, P, G, L]
[1, 2, 3, 4, 5, 7, 8, 0, 9, 6, 11, 12, 13, 10, 14, 15]	[P, P, G, G, L, L]
[1, 2, 3, 4, 5, 6, 8, 12, 9, 10, 0, 7, 13, 14, 11, 15]	[L, D, P, G, G, L]
[1, 2, 3, 4, 5, 6, 7, 8, 9, 10, 12, 15, 13, 0, 14, 11]	[L, L, D, P, G, L]
[1, 2, 3, 4, 6, 0, 7, 8, 5, 9, 10, 11, 13, 14, 15, 12]	[P, G, L, L, L, G]
[1, 2, 3, 4, 5, 6, 11, 7, 9, 14, 10, 8, 13, 0, 15, 12]	[D, L, D, L, G, G]
[1, 2, 0, 4, 5, 7, 3, 8, 9, 6, 10, 11, 13, 14, 15, 12]	[G, P, G, L, L, G]
[1, 2, 3, 4, 9, 5, 6, 8, 0, 10, 7, 12, 13, 14, 11, 15]	[D, L, L, G, G, L]
[1, 2, 3, 4, 5, 10, 6, 7, 9, 11, 0, 8, 13, 14, 15, 12]	[P, D, L, L, G, G]
[1, 2, 0, 4, 5, 7, 3, 8, 9, 6, 11, 12, 13, 10, 14, 15]	[G, P, G, G, L, L]
[0, 2, 3, 4, 1, 6, 7, 8, 5, 9, 10, 12, 13, 14, 11, 15]	[G, G, L, L, G, L]
[1, 2, 3, 4, 5, 6, 11, 7, 9, 10, 15, 8, 13, 0, 14, 12]	[L, D, D, L, G, G]
[1, 2, 3, 4, 5, 10, 6, 8, 9, 14, 7, 12, 13, 0, 11, 15]	[D, D, L, G, G, L]
[0, 2, 3, 4, 1, 5, 6, 8, 9, 10, 7, 12, 13, 14, 11, 15]	[G, L, L, G, G, L]
[1, 6, 2, 4, 5, 0, 3, 7, 9, 10, 11, 8, 13, 14, 15, 12]	[D, L, G, L, G, G]
[1, 2, 3, 4, 5, 6, 7, 8, 9, 11, 14, 12, 13, 0, 10, 15]	[L, D, P, G, L, L]
[1, 2, 3, 4, 5, 0, 11, 7, 9, 6, 10, 8, 13, 14, 15, 12]	[G, L, D, L, G, G]
[1, 2, 3, 4, 5, 6, 11, 7, 0, 9, 10, 8, 13, 14, 15, 12]	[L, L, D, L, G, G]
[1, 2, 3, 4, 5, 7, 8, 0, 9, 6, 10, 11, 13, 14, 15, 12]	[P, P, G, L, L, G]
[1, 2, 0, 4, 5, 7, 3, 8, 9, 6, 10, 12, 13, 14, 11, 15]	[G, P, G, L, G, L]
[1, 2, 3, 4, 9, 5, 6, 8, 0, 10, 7, 11, 13, 14, 15, 12]	[D, L, L, G, L, G]
[0, 1, 3, 4, 5, 2, 7, 8, 9, 6, 11, 12, 13, 10, 14, 15]	[L, G, G, G, L, L]
[0, 1, 3, 4, 5, 2, 7, 8, 9, 6, 10, 11, 13, 14, 15, 12]	[L, G, G, L, L, G]
[1, 2, 3, 4, 5, 6, 12, 7, 9, 10, 0, 8, 13, 14, 11, 15]	[D, L, G, P, G, L]
[1, 2, 3, 4, 5, 6, 7, 8, 9, 11, 12, 15, 13, 10, 14, 0]	[D, P, P, G, L, L]
[1, 3, 0, 4, 5, 2, 7, 8, 9, 6, 11, 12, 13, 10, 14, 15]	[P, G, G, G, L, L]
[1, 2, 3, 4, 5, 10, 6, 7, 9, 14, 11, 8, 13, 0, 15, 12]	[D, D, L, L, G, G]
[1, 2, 3, 4, 5, 6, 7, 8, 9, 11, 14, 12, 13, 10, 15, 0]	[P, D, P, G, L, L]
[0, 1, 3, 4, 5, 2, 6, 7, 9, 10, 11, 8, 13, 14, 15, 12]	[L, G, L, L, G, G]
[1, 2, 3, 4, 5, 6, 7, 8, 0, 9, 15, 11, 13, 10, 14, 12]	[L, G, L, D, L, G]
[0, 1, 3, 4, 5, 2, 6, 8, 9, 10, 7, 11, 13, 14, 15, 12]	[L, G, L, G, L, G]
[1, 3, 0, 4, 5, 2, 7, 8, 9, 6, 10, 11, 13, 14, 15, 12]	[P, G, G, L, L, G]
[1, 2, 3, 4, 5, 6, 11, 7, 9, 10, 15, 8, 13, 14, 12, 0]	[P, D, D, L, G, G]
[1, 2, 3, 4, 5, 6, 7, 8, 9, 14, 0, 11, 13, 15, 10, 12]	[G, P, D, L, L, G]
[0, 2, 3, 4, 1, 5, 7, 8, 9, 6, 10, 12, 13, 14, 11, 15]	[G, L, G, L, G, L]
[1, 2, 3, 4, 5, 10, 6, 8, 9, 14, 7, 11, 13, 0, 15, 12]	[D, D, L, G, L, G]
[1, 2, 3, 4, 5, 7, 11, 8, 9, 6, 0, 12, 13, 10, 14, 15]	[D, P, G, G, L, L]
[1, 2, 0, 4, 5, 6, 3, 8, 9, 11, 7, 12, 13, 10, 14, 15]	[G, G, P, G, L, L]
[1, 2, 3, 4, 9, 5, 7, 8, 0, 6, 10, 11, 13, 14, 15, 12]	[D, L, G, L, L, G]
[1, 2, 3, 4, 5, 6, 8, 11, 9, 10, 7, 12, 13, 14, 15, 0]	[D, D, P, G, L, G]
[1, 2, 3, 4, 5, 6, 7, 8, 9, 14, 0, 12, 13, 11, 10, 15]	[G, P, D, L, G, L]
[1, 2, 3, 4, 5, 10, 6, 8, 9, 7, 0, 12, 13, 14, 11, 15]	[P, D, L, G, G, L]
[1, 2, 3, 4, 5, 7, 8, 0, 9, 6, 10, 12, 13, 14, 11, 15]	[P, P, G, L, G, L]
[1, 2, 4, 8, 5, 6, 3, 11, 9, 10, 7, 0, 13, 14, 15, 12]	[D, D, P, G, G, L, G]
[1, 2, 3, 4, 5, 6, 7, 8, 13, 9, 11, 12, 10, 14, 0, 15]	[P, P, D, L, G, L, L]
[1, 2, 3, 4, 0, 6, 7, 8, 5, 14, 10, 11, 9, 13, 15, 12]	[G, G, L, D, L, L, G]
[1, 2, 3, 4, 5, 6, 7, 8, 10, 13, 11, 12, 0, 9, 14, 15]	[L, D, P, G, L, L, L]
[1, 2, 4, 0, 5, 7, 3, 8, 9, 6, 10, 12, 13, 14, 11, 15]	[P, G, P, G, L, G, L]
[1, 2, 3, 4, 6, 9, 7, 8, 5, 0, 10, 11, 13, 14, 15, 12]	[D, P, G, L, L, L, G]
[1, 2, 3, 4, 0, 6, 7, 8, 5, 10, 15, 11, 9, 13, 14, 12]	[G, G, L, L, D, L, G]
[1, 0, 2, 4, 5, 6, 3, 7, 9, 10, 12, 8, 13, 14, 11, 15]	[L, G, L, G, P, G, L]
[2, 0, 3, 4, 1, 5, 6, 7, 9, 10, 11, 8, 13, 14, 15, 12]	[P, G, L, L, L, G, G]
[1, 2, 3, 4, 5, 6, 11, 7, 9, 10, 8, 12, 13, 14, 0, 15]	[L, D, P, D, L, G, G]
[1, 2, 3, 4, 5, 6, 7, 8, 9, 11, 12, 15, 13, 10, 0, 14]	[L, D, P, P, G, L, L]
[1, 2, 3, 4, 6, 7, 0, 8, 5, 10, 11, 12, 9, 13, 14, 15]	[P, P, G, G, L, L, L]
[5, 1, 2, 4, 0, 6, 3, 8, 9, 10, 7, 12, 13, 14, 11, 15]	[D, L, L, G, G, G, L]
[1, 2, 3, 4, 5, 6, 7, 8, 10, 13, 11, 12, 9, 14, 0, 15]	[P, D, P, G, L, L, L]
[1, 2, 3, 4, 5, 11, 6, 8, 9, 0, 7, 12, 13, 10, 14, 15]	[D, L, G, P, G, L, L]
[1, 2, 4, 7, 5, 6, 0, 3, 9, 10, 11, 8, 13, 14, 15, 12]	[L, D, P, G, L, G, G]
[1, 0, 2, 4, 5, 6, 3, 8, 9, 11, 7, 12, 13, 10, 14, 15]	[L, G, G, P, G, L, L]
[1, 2, 3, 4, 5, 6, 7, 8, 9, 14, 12, 0, 13, 11, 10, 15]	[P, G, P, D, L, G, L]
[1, 0, 3, 4, 5, 2, 6, 7, 9, 10, 12, 8, 13, 14, 11, 15]	[G, L, L, G, P, G, L]
[1, 2, 3, 4, 5, 6, 7, 8, 9, 14, 10, 0, 13, 11, 15, 12]	[G, P, P, D, L, G, L]
[5, 1, 3, 4, 0, 2, 7, 8, 9, 6, 10, 12, 13, 14, 11, 15]	[D, L, G, G, L, G, L]
[5, 1, 2, 3, 0, 6, 7, 4, 9, 10, 11, 8, 13, 14, 15, 12]	[D, L, L, L, G, G, G]
[1, 2, 3, 4, 5, 7, 0, 8, 10, 6, 11, 12, 9, 13, 14, 15]	[P, G, P, G, L, L, L]
[1, 2, 7, 3, 0, 5, 6, 4, 9, 10, 11, 8, 13, 14, 15, 12]	[L, L, D, L, G, G, G]
[1, 2, 3, 4, 5, 6, 7, 8, 13, 9, 10, 11, 14, 15, 0, 12]	[P, P, D, L, L, L, G]
[1, 6, 2, 3, 5, 7, 0, 4, 9, 10, 11, 8, 13, 14, 15, 12]	[P, D, L, L, G, G, G]
[1, 2, 3, 4, 5, 6, 11, 7, 9, 14, 10, 8, 0, 13, 15, 12]	[L, D, L, D, L, G, G]
[1, 2, 3, 4, 5, 6, 7, 8, 9, 10, 12, 15, 0, 13, 14, 11]	[L, L, L, D, P, G, L]
[1, 2, 3, 4, 0, 5, 7, 8, 9, 6, 15, 11, 13, 10, 14, 12]	[L, G, G, L, D, L, G]
[1, 2, 3, 4, 0, 5, 7, 8, 10, 6, 11, 12, 9, 13, 14, 15]	[L, G, P, G, L, L, L]
[1, 2, 4, 8, 5, 6, 0, 3, 9, 10, 7, 12, 13, 14, 11, 15]	[L, D, P, G, G, G, L]
[1, 0, 3, 4, 6, 2, 7, 8, 5, 10, 11, 12, 9, 13, 14, 15]	[G, P, G, G, L, L, L]
[1, 2, 7, 3, 5, 6, 11, 4, 9, 10, 8, 0, 13, 14, 15, 12]	[P, D, D, L, G, G, G]
[1, 2, 3, 4, 5, 6, 7, 8, 9, 11, 14, 0, 13, 10, 15, 12]	[G, P, D, P, G, L, L]
[1, 2, 3, 4, 5, 6, 7, 8, 9, 10, 12, 15, 13, 14, 0, 11]	[L, D, P, G, L]
[1, 3, 7, 4, 5, 2, 0, 8, 9, 6, 10, 12, 13, 14, 11, 15]	[D, P, G, G, L, G, L]
[1, 2, 3, 4, 5, 6, 0, 8, 9, 10, 7, 15, 13, 14, 12, 11]	[G, L, G, P, D, L, G]
[1, 2, 3, 4, 5, 6, 7, 8, 10, 0, 15, 11, 9, 13, 14, 12]	[P, G, L, L, D, L, G]
[1, 2, 3, 0, 5, 6, 7, 4, 9, 10, 15, 8, 13, 14, 12, 11]	[G, G, G, P, D, L, G]
[2, 0, 3, 4, 1, 6, 7, 8, 5, 10, 11, 12, 9, 13, 14, 15]	[P, G, G, G, L, L, L]
[2, 0, 3, 4, 1, 6, 7, 8, 5, 9, 11, 12, 13, 10, 14, 15]	[P, G, G, L, G, L, L]
[1, 2, 3, 4, 5, 6, 7, 8, 9, 11, 14, 12, 0, 13, 10, 15]	[L, L, D, P, G, L, L]
[1, 2, 3, 4, 5, 6, 7, 8, 14, 0, 10, 12, 9, 13, 11, 15]	[P, G, L, D, L, G, L]
[1, 2, 3, 4, 5, 6, 11, 7, 9, 10, 15, 0, 13, 14, 12, 8]	[G, P, D, D, L, G, G]
[1, 2, 8, 3, 5, 6, 0, 4, 9, 10, 7, 11, 13, 14, 15, 12]	[D, L, G, P, G, L, G]
[1, 6, 2, 3, 0, 5, 7, 4, 9, 10, 11, 8, 13, 14, 15, 12]	[L, D, L, L, G, G, G]
[1, 2, 7, 3, 5, 6, 11, 4, 9, 0, 10, 8, 13, 14, 15, 12]	[L, D, D, L, G, G, G]
[1, 2, 3, 4, 5, 6, 7, 8, 13, 9, 10, 12, 14, 11, 0, 15]	[P, P, D, L, L, G, L]
[5, 1, 3, 4, 0, 2, 6, 7, 9, 10, 11, 8, 13, 14, 15, 12]	[D, L, G, L, L, G, G]
[1, 2, 3, 4, 5, 10, 0, 8, 9, 7, 6, 11, 13, 14, 15, 12]	[G, P, D, L, G, L, G]
[1, 3, 4, 0, 5, 2, 6, 8, 9, 10, 7, 12, 13, 14, 11, 15]	[P, P, G, L, G, G, L]
[1, 2, 3, 4, 5, 6, 11, 7, 13, 9, 10, 8, 0, 14, 15, 12]	[D, L, L, D, L, G, G]
[1, 2, 3, 4, 5, 6, 12, 7, 9, 0, 10, 8, 13, 14, 11, 15]	[L, D, L, G, P, G, L]
[1, 0, 2, 4, 5, 7, 3, 8, 9, 6, 10, 11, 13, 14, 15, 12]	[L, G, P, G, L, L, G]
[1, 2, 7, 3, 5, 6, 11, 4, 9, 10, 15, 8, 13, 14, 0, 12]	[D, D, D, L, G, G, G]
[1, 2, 3, 4, 5, 10, 6, 7, 13, 9, 11, 8, 0, 14, 15, 12]	[D, L, D, L, L, G, G]
[5, 1, 2, 4, 0, 6, 3, 7, 9, 10, 11, 8, 13, 14, 15, 12]	[D, L, L, G, L, G, G]
[1, 3, 4, 0, 5, 2, 7, 8, 9, 6, 10, 11, 13, 14, 15, 12]	[P, P, G, G, L, L, G]
[1, 2, 3, 4, 5, 6, 8, 11, 9, 10, 7, 12, 13, 14, 0, 15]	[L, D, D, P, G, L, G]
[1, 2, 3, 4, 5, 10, 6, 8, 9, 14, 7, 12, 13, 11, 0, 15]	[P, D, D, L, G, G, L]
[5, 1, 2, 4, 0, 6, 3, 8, 9, 10, 7, 11, 13, 14, 15, 12]	[D, L, L, G, G, L, G]
[1, 2, 7, 0, 5, 6, 4, 3, 9, 10, 11, 8, 13, 14, 15, 12]	[G, P, D, L, G, G, G]
[1, 6, 2, 4, 5, 3, 0, 8, 9, 10, 7, 12, 13, 14, 11, 15]	[P, D, L, G, G, G, L]
[1, 2, 3, 4, 5, 6, 7, 8, 9, 0, 10, 15, 13, 14, 12, 11]	[L, L, G, P, D, L, G]
[1, 2, 3, 4, 5, 6, 11, 7, 9, 0, 15, 8, 13, 10, 14, 12]	[G, L, D, D, L, G, G]
[1, 0, 2, 3, 5, 6, 8, 4, 9, 10, 7, 12, 13, 14, 11, 15]	[L, L, G, P, G, G, L]
[1, 0, 3, 4, 6, 2, 7, 8, 5, 9, 10, 11, 13, 14, 15, 12]	[G, P, G, L, L, L, G]
[1, 2, 3, 4, 5, 6, 0, 8, 9, 14, 7, 11, 13, 15, 10, 12]	[G, G, P, D, L, L, G]
[1, 2, 3, 4, 5, 6, 11, 7, 9, 10, 15, 8, 0, 13, 14, 12]	[L, L, D, D, L, G, G]
[1, 2, 3, 4, 5, 6, 7, 8, 9, 10, 15, 0, 13, 14, 12, 11]	[G, P, D, L, G]
[1, 3, 6, 4, 5, 2, 0, 7, 9, 10, 11, 8, 13, 14, 15, 12]	[D, P, G, L, L, G, G]
[1, 2, 3, 4, 5, 6, 8, 11, 9, 0, 10, 7, 13, 14, 15, 12]	[L, L, D, P, G, L, G]
[1, 2, 3, 4, 5, 6, 0, 7, 9, 10, 15, 8, 13, 14, 12, 11]	[L, G, G, P, D, L, G]
[1, 0, 3, 4, 6, 2, 7, 8, 5, 9, 11, 12, 13, 10, 14, 15]	[G, P, G, L, G, L, L]
[1, 0, 2, 4, 5, 7, 3, 8, 9, 6, 10, 12, 13, 14, 11, 15]	[L, G, P, G, L, G, L]
[2, 0, 3, 4, 1, 6, 7, 8, 5, 9, 10, 11, 13, 14, 15, 12]	[P, G, G, L, L, L, G]
[1, 2, 3, 4, 5, 6, 0, 11, 9, 10, 8, 7, 13, 14, 15, 12]	[L, G, P, D, L, G, G]
[1, 2, 3, 4, 0, 6, 11, 7, 5, 9, 10, 8, 13, 14, 15, 12]	[G, L, L, D, L, G, G]
[1, 2, 3, 4, 5, 6, 0, 7, 9, 11, 12, 8, 13, 10, 14, 15]	[L, G, P, P, G, L, L]
[1, 2, 3, 4, 0, 5, 6, 8, 9, 11, 7, 12, 13, 10, 14, 15]	[L, L, G, P, G, L, L]
[1, 2, 3, 4, 5, 10, 6, 8, 9, 7, 15, 11, 13, 14, 0, 12]	[D, P, D, L, G, L, G]
[1, 2, 3, 4, 5, 7, 10, 8, 9, 6, 15, 11, 13, 14, 0, 12]	[D, D, P, G, L, L, G]
[1, 0, 7, 3, 5, 2, 6, 4, 9, 10, 11, 8, 13, 14, 15, 12]	[G, L, D, L, G, G, G]
[1, 6, 2, 4, 0, 5, 3, 7, 9, 10, 11, 8, 13, 14, 15, 12]	[L, D, L, G, L, G, G]
[1, 3, 4, 0, 5, 2, 7, 8, 9, 6, 11, 12, 13, 10, 14, 15]	[P, P, G, G, G, L, L]
[1, 2, 7, 3, 5, 6, 4, 8, 9, 10, 11, 0, 13, 14, 15, 12]	[D, P, D, L, G, G, G]
[1, 2, 3, 4, 6, 7, 0, 8, 5, 9, 10, 11, 13, 14, 15, 12]	[P, P, G, L, L, L, G]
[1, 2, 3, 4, 9, 5, 7, 8, 6, 0, 11, 12, 13, 10, 14, 15]	[P, D, L, G, G, L, L]
[1, 2, 3, 4, 5, 6, 8, 11, 9, 10, 15, 7, 13, 14, 0, 12]	[D, L, D, P, G, L, G]
[1, 2, 3, 4, 5, 6, 0, 8, 10, 11, 7, 12, 9, 13, 14, 15]	[G, P, P, G, L, L, L]
[1, 2, 3, 4, 0, 6, 7, 8, 5, 9, 15, 11, 13, 10, 14, 12]	[G, L, G, L, D, L, G]
[1, 0, 3, 4, 5, 2, 7, 8, 10, 6, 11, 12, 9, 13, 14, 15]	[G, G, P, G, L, L, L]
[1, 2, 3, 4, 9, 5, 6, 8, 10, 0, 7, 11, 13, 14, 15, 12]	[P, D, L, L, G, L, G]
[1, 2, 7, 3, 5, 10, 6, 4, 9, 0, 11, 8, 13, 14, 15, 12]	[D, L, D, L, G, G, G]
[1, 2, 3, 0, 5, 6, 7, 4, 9, 11, 12, 8, 13, 10, 14, 15]	[G, G, P, P, G, L, L]
[1, 2, 3, 4, 5, 10, 6, 8, 9, 14, 7, 12, 0, 13, 11, 15]	[L, D, D, L, G, G, L]
[1, 0, 2, 3, 5, 6, 7, 4, 9, 10, 12, 8, 13, 14, 11, 15]	[L, L, G, G, P, G, L]
[1, 2, 3, 4, 5, 6, 7, 8, 13, 0, 10, 12, 14, 9, 11, 15]	[G, P, D, L, L, G, L]
[1, 2, 3, 4, 5, 6, 7, 8, 13, 0, 10, 11, 14, 9, 15, 12]	[G, P, D, L, L, L, G]
[1, 2, 4, 0, 5, 7, 3, 8, 9, 6, 10, 11, 13, 14, 15, 12]	[P, G, P, G, L, L, G]
[1, 2, 3, 4, 9, 5, 6, 7, 13, 10, 11, 8, 0, 14, 15, 12]	[D, D, L, L, L, G, G]
[1, 2, 4, 7, 5, 6, 3, 8, 9, 10, 11, 0, 13, 14, 15, 12]	[D, D, P, G, L, G, G]
[1, 2, 3, 4, 9, 5, 6, 8, 13, 10, 7, 11, 0, 14, 15, 12]	[D, D, L, L, G, L, G]
[2, 0, 3, 4, 1, 5, 7, 8, 9, 6, 10, 11, 13, 14, 15, 12]	[P, G, L, G, L, L, G]
[1, 2, 3, 4, 5, 6, 7, 8, 9, 14, 10, 0, 13, 15, 12, 11]	[G, P, P, D, L, L, G]
[1, 2, 3, 4, 5, 7, 0, 8, 9, 6, 15, 11, 13, 10, 14, 12]	[P, G, G, L, D, L, G]
[1, 6, 2, 3, 5, 10, 7, 4, 9, 0, 11, 8, 13, 14, 15, 12]	[D, D, L, L, G, G, G]
[5, 1, 3, 4, 0, 2, 6, 8, 9, 10, 7, 11, 13, 14, 15, 12]	[D, L, G, L, G, L, G]
[1, 2, 3, 4, 5, 6, 7, 8, 14, 0, 10, 11, 9, 13, 15, 12]	[P, G, L, D, L, L, G]
[1, 2, 3, 4, 6, 7, 0, 8, 5, 9, 11, 12, 13, 10, 14, 15]	[P, P, G, L, G, L, L]
[1, 2, 3, 4, 5, 7, 10, 8, 9, 6, 12, 0, 13, 14, 11, 15]	[P, D, P, G, L, G, L]
[1, 2, 3, 4, 0, 6, 7, 8, 5, 14, 10, 12, 9, 13, 11, 15]	[G, G, L, D, L, G, L]
[1, 3, 4, 0, 5, 2, 6, 8, 9, 10, 7, 11, 13, 14, 15, 12]	[P, P, G, L, G, L, G]
[1, 2, 3, 0, 5, 6, 11, 4, 9, 10, 8, 7, 13, 14, 15, 12]	[G, G, P, D, L, G, G]
[5, 1, 3, 4, 0, 2, 6, 8, 9, 10, 7, 12, 13, 14, 11, 15]	[D, L, G, L, G, G, L]
[1, 2, 3, 4, 5, 6, 8, 12, 9, 10, 11, 7, 13, 14, 0, 15]	[D, L, D, P, G, G, L]
[1, 2, 3, 4, 5, 6, 7, 8, 13, 0, 11, 12, 10, 9, 14, 15]	[G, P, D, L, G, L, L]
[1, 2, 3, 4, 5, 7, 8, 12, 9, 6, 11, 0, 13, 10, 14, 15]	[D, P, P, G, G, L, L]
[1, 3, 7, 4, 5, 2, 0, 8, 9, 6, 11, 12, 13, 10, 14, 15]	[D, P, G, G, G, L, L]
[1, 2, 3, 4, 6, 10, 7, 8, 5, 0, 11, 12, 9, 13, 14, 15]	[D, P, G, G, L, L, L]
[1, 2, 7, 3, 5, 10, 6, 4, 0, 9, 11, 8, 13, 14, 15, 12]	[L, D, L, D, L, G, G, G]
[1, 2, 3, 4, 5, 6, 7, 0, 9, 14, 10, 8, 13, 15, 12, 11]	[G, G, P, P, D, L, L, G]
[5, 1, 2, 3, 9, 6, 7, 4, 0, 10, 11, 8, 13, 14, 15, 12]	[D, D, L, L, L, G, G, G]
[1, 6, 2, 3, 5, 10, 7, 4, 9, 14, 11, 8, 13, 0, 15, 12]	[D, D, D, L, L, G, G, G]
[1, 3, 0, 4, 6, 2, 7, 8, 5, 10, 11, 12, 9, 13, 14, 15]	[P, G, P, G, G, L, L, L]
[1, 2, 3, 4, 5, 6, 7, 8, 10, 11, 14, 12, 9, 13, 15, 0]	[P, D, P, P, G, L, L, L]
[1, 2, 3, 4, 5, 0, 7, 8, 10, 6, 15, 11, 9, 13, 14, 12]	[G, P, G, L, L, D, L, G]
[1, 3, 0, 4, 6, 2, 7, 8, 5, 9, 10, 12, 13, 14, 11, 15]	[P, G, P, G, L, L, G, L]
[1, 2, 7, 3, 5, 6, 12, 4, 9, 10, 0, 8, 13, 14, 11, 15]	[D, D, L, G, G, P, G, L]
[1, 2, 3, 4, 5, 6, 12, 7, 9, 10, 11, 8, 13, 0, 14, 15]	[L, D, D, L, G, P, G, L]
[1, 2, 3, 4, 9, 5, 7, 8, 6, 10, 11, 12, 13, 0, 14, 15]	[D, P, D, L, G, G, L, L]
[2, 6, 3, 4, 1, 0, 7, 8, 5, 9, 10, 11, 13, 14, 15, 12]	[D, P, G, G, L, L, L, G]
[1, 2, 3, 4, 5, 6, 7, 8, 9, 15, 11, 12, 13, 10, 14, 0]	[D, P, P, G, L, D, L, G]
[1, 2, 3, 4, 5, 0, 7, 8, 14, 6, 10, 12, 9, 13, 11, 15]	[G, P, G, L, D, L, G, L]
[1, 2, 4, 7, 5, 6, 3, 0, 9, 10, 12, 8, 13, 14, 11, 15]	[D, P, G, L, G, P, G, L]
[0, 1, 3, 4, 6, 2, 7, 8, 5, 10, 11, 12, 9, 13, 14, 15]	[L, G, P, G, G, L, L, L]
[2, 3, 0, 4, 1, 6, 7, 8, 5, 10, 11, 12, 9, 13, 14, 15]	[P, P, G, G, G, L, L, L]
[0, 2, 3, 4, 1, 6, 7, 8, 5, 10, 15, 11, 9, 13, 14, 12]	[G, G, G, L, L, D, L, G]
[1, 2, 7, 3, 5, 6, 11, 0, 9, 10, 8, 4, 13, 14, 15, 12]	[G, P, D, D, L, G, G, G]
[1, 2, 3, 4, 6, 7, 8, 0, 5, 9, 11, 12, 13, 10, 14, 15]	[P, P, P, G, L, G, L, L]
[2, 6, 3, 4, 1, 0, 7, 8, 5, 10, 11, 12, 9, 13, 14, 15]	[D, P, G, G, G, L, L, L]
[1, 2, 7, 3, 5, 6, 11, 4, 9, 10, 15, 8, 13, 14, 12, 0]	[P, D, D, D, L, G, G, G]
[1, 2, 3, 4, 5, 6, 7, 0, 9, 14, 12, 8, 13, 11, 10, 15]	[G, P, G, P, D, L, G, L]
[1, 2, 3, 4, 5, 0, 7, 8, 14, 6, 10, 11, 9, 13, 15, 12]	[G, P, G, L, D, L, L, G]
[1, 6, 2, 4, 5, 0, 3, 7, 9, 10, 12, 8, 13, 14, 11, 15]	[D, L, G, L, G, P, G, L]
[1, 2, 3, 4, 5, 6, 7, 8, 13, 9, 11, 12, 10, 14, 15, 0]	[P, P, P, D, L, G, L, L]
[1, 2, 3, 4, 5, 0, 6, 8, 9, 10, 7, 15, 13, 14, 12, 11]	[L, G, L, G, P, D, L, G]
[1, 2, 3, 4, 5, 6, 7, 8, 14, 10, 0, 11, 9, 13, 15, 12]	[P, P, G, L, D, L, L, G]
[1, 2, 0, 3, 5, 7, 8, 4, 9, 6, 11, 12, 13, 10, 14, 15]	[L, G, P, P, G, G, L, L]
[1, 2, 3, 4, 5, 6, 7, 8, 13, 9, 10, 12, 14, 11, 15, 0]	[P, P, P, D, L, L, G, L]
[1, 2, 7, 3, 5, 6, 4, 8, 9, 10, 11, 12, 13, 14, 15, 0]	[D, D, P, D, L, G, G, G]
[1, 2, 3, 4, 5, 6, 11, 7, 9, 10, 8, 12, 13, 0, 14, 15]	[L, L, D, P, D, L, G, G]
[1, 2, 3, 4, 9, 0, 7, 8, 6, 5, 11, 12, 13, 10, 14, 15]	[G, P, D, L, G, G, L, L]
[2, 3, 0, 4, 1, 6, 7, 8, 5, 9, 10, 12, 13, 14, 11, 15]	[P, P, G, G, L, L, G, L]
[1, 2, 3, 4, 5, 6, 7, 8, 10, 13, 15, 11, 9, 0, 14, 12]	[D, P, G, L, L, D, L, G]
[1, 2, 3, 4, 6, 7, 11, 8, 5, 10, 0, 12, 9, 13, 14, 15]	[D, P, P, G, G, L, L, L]
[2, 5, 3, 4, 1, 0, 6, 8, 9, 10, 7, 12, 13, 14, 11, 15]	[D, P, G, L, L, G, G, L]
[1, 2, 0, 7, 5, 6, 4, 3, 9, 10, 11, 8, 13, 14, 15, 12]	[L, G, P, D, L, G, G, G]
[1, 2, 7, 3, 5, 6, 4, 0, 9, 10, 12, 8, 13, 14, 11, 15]	[P, D, L, G, G, P, G, L]
[1, 2, 3, 4, 5, 6, 7, 8, 9, 15, 14, 11, 13, 10, 12, 0]	[P, D, P, G, L, D, L, G]
[1, 2, 0, 3, 5, 6, 11, 4, 9, 10, 8, 7, 13, 14, 15, 12]	[L, G, G, P, D, L, G, G]
[1, 2, 3, 4, 9, 5, 7, 8, 6, 11, 0, 12, 13, 10, 14, 15]	[P, P, D, L, G, G, L, L]
[1, 2, 3, 4, 5, 7, 10, 8, 9, 6, 15, 11, 13, 0, 14, 12]	[L, D, D, P, G, L, L, G]
[1, 2, 3, 4, 5, 6, 7, 8, 0, 11, 14, 12, 9, 13, 10, 15]	[G, L, L, D, P, G, L, L]
[1, 2, 3, 4, 6, 0, 7, 8, 5, 14, 10, 12, 9, 13, 11, 15]	[P, G, G, L, D, L, G, L]
[5, 1, 2, 3, 6, 0, 7, 4, 9, 10, 11, 8, 13, 14, 15, 12]	[P, D, L, L, L, G, G, G]
[1, 2, 7, 3, 5, 6, 11, 4, 9, 10, 8, 12, 13, 14, 15, 0]	[D, P, D, D, L, G, G, G]
[2, 3, 0, 4, 1, 6, 7, 8, 5, 9, 11, 12, 13, 10, 14, 15]	[P, P, G, G, L, G, L, L]
[1, 2, 3, 4, 6, 10, 7, 8, 5, 13, 11, 12, 9, 0, 14, 15]	[D, D, P, G, G, L, L, L]
[1, 2, 3, 4, 5, 6, 7, 8, 10, 13, 11, 12, 9, 14, 15, 0]	[P, P, D, P, G, L, L, L]
[1, 6, 2, 3, 9, 5, 7, 4, 0, 10, 11, 8, 13, 14, 15, 12]	[D, L, D, L, L, G, G, G]
[1, 2, 3, 4, 9, 5, 6, 8, 13, 10, 7, 12, 14, 0, 11, 15]	[P, D, D, L, L, G, G, L]
[1, 2, 3, 4, 5, 0, 6, 8, 9, 14, 7, 12, 13, 11, 10, 15]	[L, G, G, P, D, L, G, L]
[0, 1, 7, 3, 5, 2, 6, 4, 9, 10, 11, 8, 13, 14, 15, 12]	[L, G, L, D, L, G, G, G]
[1, 2, 4, 8, 5, 7, 3, 0, 9, 6, 10, 11, 13, 14, 15, 12]	[D, P, G, P, G, L, L, G]
[1, 2, 3, 4, 5, 6, 15, 7, 9, 10, 0, 8, 13, 14, 12, 11]	[D, L, G, G, P, D, L, G]
[1, 2, 4, 8, 5, 6, 3, 11, 9, 10, 7, 12, 13, 14, 15, 0]	[D, D, D, P, G, G, L, G]
[1, 2, 3, 4, 5, 6, 7, 8, 10, 11, 14, 12, 9, 0, 13, 15]	[L, D, P, P, G, L, L, L]
[1, 2, 3, 4, 5, 6, 7, 8, 9, 14, 0, 10, 13, 11, 15, 12]	[L, G, P, P, D, L, G, L]
[1, 2, 3, 4, 5, 6, 11, 7, 13, 9, 10, 8, 14, 0, 15, 12]	[P, D, L, L, D, L, G, G]
[1, 2, 3, 4, 5, 6, 7, 8, 0, 13, 11, 12, 10, 9, 14, 15]	[L, G, P, D, L, G, L, L]
[1, 3, 6, 4, 5, 2, 11, 7, 9, 10, 0, 8, 13, 14, 15, 12]	[D, D, P, G, L, L, G, G]
[0, 1, 3, 4, 6, 2, 7, 8, 5, 9, 10, 12, 13, 14, 11, 15]	[L, G, P, G, L, L, G, L]
[5, 1, 2, 4, 6, 0, 3, 8, 9, 10, 7, 12, 13, 14, 11, 15]	[P, D, L, L, G, G, G, L]
[1, 2, 3, 4, 5, 6, 7, 8, 13, 11, 0, 12, 10, 9, 14, 15]	[P, G, P, D, L, G, L, L]
[1, 2, 3, 4, 6, 7, 8, 0, 5, 10, 11, 12, 9, 13, 14, 15]	[P, P, P, G, G, L, L, L]
[1, 2, 3, 4, 5, 0, 6, 11, 9, 10, 8, 7, 13, 14, 15, 12]	[L, L, G, P, D, L, G, G]
[1, 6, 2, 3, 5, 7, 4, 0, 9, 10, 11, 8, 13, 14, 15, 12]	[P, P, D, L, L, G, G, G]
[1, 2, 3, 4, 5, 0, 7, 8, 9, 6, 12, 15, 13, 10, 14, 11]	[G, G, L, L, D, P, G, L]
[1, 2, 3, 4, 6, 0, 7, 8, 5, 9, 15, 11, 13, 10, 14, 12]	[P, G, L, G, L, D, L, G]
[1, 2, 3, 4, 5, 6, 7, 0, 9, 10, 15, 8, 13, 14, 12, 11]	[G, G, P, D, L, G]
[1, 2, 3, 4, 5, 6, 8, 12, 9, 10, 7, 15, 13, 0, 14, 11]	[L, L, D, D, P, G, G, L]
[1, 2, 3, 4, 5, 10, 6, 7, 9, 14, 11, 8, 13, 15, 12, 0]	[P, P, D, D, L, L, G, G]
[1, 2, 3, 4, 9, 5, 6, 8, 10, 7, 0, 11, 13, 14, 15, 12]	[P, P, D, L, L, G, L, G]
[2, 5, 3, 4, 1, 0, 6, 7, 9, 10, 11, 8, 13, 14, 15, 12]	[D, P, G, L, L, L, G, G]
[2, 3, 0, 4, 1, 5, 6, 8, 9, 10, 7, 11, 13, 14, 15, 12]	[P, P, G, L, L, G, L, G]
[1, 2, 3, 4, 5, 6, 7, 8, 0, 10, 12, 15, 9, 13, 14, 11]	[G, L, L, L, D, P, G, L]
[1, 2, 3, 4, 5, 0, 7, 8, 9, 6, 10, 15, 13, 14, 12, 11]	[G, L, L, G, P, D, L, G]
[0, 1, 2, 3, 5, 6, 8, 4, 9, 10, 7, 11, 13, 14, 15, 12]	[L, L, L, G, P, G, L, G]
[1, 2, 3, 4, 6, 9, 7, 8, 5, 10, 11, 12, 13, 0, 14, 15]	[D, D, P, G, L, G, L, L]
[1, 2, 3, 4, 5, 6, 12, 7, 9, 10, 11, 8, 13, 14, 15, 0]	[P, D, D, L, G, P, G, L]
[1, 2, 3, 4, 5, 6, 12, 7, 9, 10, 8, 15, 13, 14, 11, 0]	[D, P, D, L, G, P, G, L]
[1, 6, 2, 4, 5, 10, 3, 7, 9, 11, 0, 8, 13, 14, 15, 12]	[P, D, D, L, G, L, G, G]
[1, 6, 0, 4, 5, 3, 2, 7, 9, 10, 11, 8, 13, 14, 15, 12]	[G, P, D, L, G, L, G, G]
[1, 2, 4, 7, 5, 6, 3, 8, 9, 10, 0, 11, 13, 14, 15, 12]	[L, D, D, P, G, L, G, G]
[1, 2, 3, 4, 5, 10, 6, 0, 9, 7, 11, 8, 13, 14, 15, 12]	[G, P, P, D, L, G, L, G]
[1, 2, 3, 4, 6, 9, 7, 8, 5, 14, 10, 11, 13, 0, 15, 12]	[D, D, P, G, L, L, L, G]
[1, 2, 3, 4, 5, 6, 7, 8, 9, 14, 11, 12, 13, 15, 10, 0]	[D, P, G, P, D, L, L, G]
[5, 1, 2, 4, 9, 6, 3, 7, 0, 10, 11, 8, 13, 14, 15, 12]	[D, D, L, L, G, L, G, G]
[5, 1, 2, 4, 9, 6, 3, 8, 0, 10, 7, 11, 13, 14, 15, 12]	[D, D, L, L, G, G, L, G]
[1, 3, 4, 7, 5, 2, 6, 0, 9, 10, 11, 8, 13, 14, 15, 12]	[D, P, P, G, L, L, G, G]
[2, 3, 0, 4, 1, 5, 7, 8, 9, 6, 11, 12, 13, 10, 14, 15]	[P, P, G, L, G, G, L, L]
[1, 2, 3, 4, 5, 6, 8, 0, 9, 10, 7, 15, 13, 14, 12, 11]	[P, G, L, G, P, D, L, G]
[1, 2, 0, 4, 5, 6, 3, 8, 9, 14, 7, 12, 13, 11, 10, 15]	[G, G, G, P, D, L, G, L]
[1, 2, 3, 4, 5, 6, 7, 8, 10, 13, 0, 12, 9, 14, 11, 15]	[G, P, D, P, G, L, L, L]
[1, 2, 3, 4, 5, 6, 8, 11, 9, 10, 15, 7, 13, 0, 14, 12]	[L, D, L, D, P, G, L, G]
[1, 2, 3, 4, 5, 0, 6, 8, 9, 14, 7, 11, 13, 15, 10, 12]	[L, G, G, P, D, L, L, G]
[1, 2, 3, 4, 5, 6, 7, 0, 9, 14, 10, 8, 13, 11, 15, 12]	[G, G, P, P, D, L, G, L]
[1, 2, 0, 3, 5, 6, 7, 4, 9, 11, 12, 8, 13, 10, 14, 15]	[L, G, G, P, P, G, L, L]
[1, 2, 3, 4, 5, 6, 7, 0, 9, 11, 14, 8, 13, 10, 15, 12]	[G, G, P, D, P, G, L, L]
[1, 2, 0, 8, 5, 6, 4, 3, 9, 10, 7, 11, 13, 14, 15, 12]	[G, L, D, P, G, G, L, G]
[1, 2, 3, 4, 5, 6, 8, 11, 9, 14, 10, 7, 13, 0, 15, 12]	[D, L, L, D, P, G, L, G]
[1, 2, 8, 3, 5, 6, 4, 0, 9, 10, 7, 12, 13, 14, 11, 15]	[P, D, L, G, P, G, G, L]
[1, 6, 2, 3, 5, 0, 7, 4, 9, 10, 12, 8, 13, 14, 11, 15]	[D, L, L, G, G, P, G, L]
[0, 2, 3, 4, 1, 6, 7, 8, 5, 14, 10, 12, 9, 13, 11, 15]	[G, G, G, L, D, L, G, L]
[2, 5, 3, 4, 1, 0, 6, 8, 9, 10, 7, 11, 13, 14, 15, 12]	[D, P, G, L, L, G, L, G]
[1, 2, 3, 4, 6, 0, 7, 8, 5, 10, 15, 11, 9, 13, 14, 12]	[P, G, G, L, L, D, L, G]
[1, 2, 3, 4, 5, 6, 8, 12, 9, 10, 11, 7, 13, 14, 15, 0]	[P, D, L, D, P, G, G, L]
[0, 6, 2, 3, 1, 5, 7, 4, 9, 10, 11, 8, 13, 14, 15, 12]	[G, L, D, L, L, G, G, G]
[1, 6, 2, 3, 5, 7, 11, 4, 9, 10, 0, 8, 13, 14, 15, 12]	[D, P, D, L, L, G, G, G]
[1, 2, 8, 3, 5, 6, 7, 4, 9, 10, 0, 11, 13, 14, 15, 12]	[D, D, L, G, P, G, L, G]
[0, 1, 2, 3, 5, 6, 7, 4, 9, 10, 12, 8, 13, 14, 11, 15]	[L, L, L, G, G, P, G, L]
[1, 2, 3, 4, 6, 9, 7, 8, 0, 5, 11, 12, 13, 10, 14, 15]	[L, D, P, G, L, G, L, L]
[1, 2, 3, 4, 5, 7, 11, 8, 10, 6, 0, 12, 9, 13, 14, 15]	[D, P, G, P, G, L, L, L]
[1, 2, 3, 4, 9, 5, 6, 8, 13, 10, 7, 11, 14, 0, 15, 12]	[P, D, D, L, L, G, L, G]
[1, 3, 6, 4, 5, 2, 8, 0, 9, 10, 7, 11, 13, 14, 15, 12]	[P, D, P, G, L, G, L, G]
[1, 2, 0, 3, 5, 6, 7, 4, 9, 10, 15, 8, 13, 14, 12, 11]	[L, G, G, G, P, D, L, G]
[2, 3, 0, 4, 1, 6, 7, 8, 5, 9, 10, 11, 13, 14, 15, 12]	[P, P, G, G, L, L, L, G]
[1, 2, 3, 4, 5, 6, 11, 7, 9, 10, 0, 12, 13, 14, 8, 15]	[G, L, D, P, D, L, G, G]
[1, 2, 3, 4, 5, 6, 7, 8, 13, 9, 15, 11, 10, 0, 14, 12]	[P, D, L, G, L, D, L, G]
[5, 0, 3, 4, 2, 1, 6, 7, 9, 10, 11, 8, 13, 14, 15, 12]	[G, P, D, L, G, L, L, G, G]
[1, 2, 3, 4, 5, 6, 7, 8, 14, 13, 10, 11, 9, 15, 0, 12]	[P, D, P, G, L, D, L, L, G]
[1, 3, 7, 4, 6, 2, 0, 8, 5, 10, 11, 12, 9, 13, 14, 15]	[D, P, G, P, G, G, L, L, L]
[1, 2, 4, 0, 5, 6, 3, 7, 9, 10, 15, 8, 13, 14, 12, 11]	[P, G, L, G, G, P, D, L, G]
[1, 2, 4, 8, 5, 6, 3, 11, 9, 10, 7, 12, 13, 14, 0, 15]	[L, D, D, D, P, G, G, L, G]
[5, 1, 2, 4, 6, 3, 0, 7, 9, 10, 11, 8, 13, 14, 15, 12]	[P, P, D, L, L, G, L, G, G]
[1, 0, 2, 4, 5, 6, 3, 8, 9, 10, 7, 15, 13, 14, 12, 11]	[L, G, G, L, G, P, D, L, G]
[5, 1, 2, 4, 0, 7, 3, 8, 9, 6, 10, 12, 13, 14, 11, 15]	[D, L, L, G, P, G, L, G, L]
[5, 1, 3, 4, 9, 2, 7, 8, 6, 0, 10, 12, 13, 14, 11, 15]	[P, D, D, L, G, G, L, G, L]
[1, 3, 4, 7, 5, 2, 6, 8, 9, 10, 11, 0, 13, 14, 15, 12]	[D, D, P, P, G, L, L, G, G]
[1, 2, 3, 4, 0, 6, 7, 8, 5, 10, 12, 15, 9, 13, 14, 11]	[G, G, L, L, L, D, P, G, L]
[5, 0, 3, 4, 2, 1, 7, 8, 9, 6, 11, 12, 13, 10, 14, 15]	[G, P, D, L, G, G, G, L, L]
[1, 2, 3, 4, 5, 7, 8, 12, 9, 6, 11, 15, 13, 10, 0, 14]	[L, D, D, P, P, G, G, L, L]
[2, 0, 3, 4, 1, 5, 7, 8, 10, 6, 11, 12, 9, 13, 14, 15]	[P, G, L, G, P, G, L, L, L]
[2, 5, 3, 4, 1, 6, 7, 8, 9, 0, 10, 11, 13, 14, 15, 12]	[D, D, P, G, L, G, L, L, G]
[1, 2, 7, 3, 5, 11, 0, 4, 9, 6, 10, 8, 13, 14, 15, 12]	[P, G, L, D, D, L, G, G, G]
[1, 2, 3, 4, 6, 10, 7, 8, 9, 5, 11, 12, 0, 13, 14, 15]	[D, L, D, P, G, G, L, L, L]
[2, 3, 6, 4, 1, 5, 0, 8, 9, 10, 7, 11, 13, 14, 15, 12]	[D, P, P, G, L, L, G, L, G]
[2, 3, 7, 4, 1, 5, 0, 8, 9, 6, 10, 12, 13, 14, 11, 15]	[D, P, P, G, L, G, L, G, L]
[2, 3, 7, 4, 1, 5, 0, 8, 9, 6, 11, 12, 13, 10, 14, 15]	[D, P, P, G, L, G, G, L, L]
[1, 2, 3, 4, 5, 6, 7, 8, 9, 10, 12, 0, 13, 14, 11, 15]	[P, G, L]
[1, 2, 3, 4, 9, 5, 7, 8, 6, 10, 11, 0, 13, 14, 15, 12]	[P, P, P, D, L, G, L, L, G]
[1, 0, 2, 8, 5, 6, 4, 3, 9, 10, 7, 11, 13, 14, 15, 12]	[L, G, L, D, P, G, G, L, G]
[2, 0, 3, 4, 1, 6, 7, 8, 5, 10, 15, 11, 9, 13, 14, 12]	[P, G, G, G, L, L, D, L, G]
[1, 2, 3, 4, 5, 7, 11, 8, 9, 0, 14, 12, 13, 6, 10, 15]	[G, L, D, D, P, G, G, L, L]
[1, 2, 3, 0, 6, 7, 8, 4, 5, 10, 11, 12, 9, 13, 14, 15]	[G, P, P, P, G, G, L, L, L]
[1, 2, 3, 4, 5, 6, 7, 8, 10, 11, 12, 15, 9, 13, 0, 14]	[L, D, P, P, P, G, L, L, L]
[1, 2, 7, 3, 5, 6, 0, 4, 9, 10, 15, 8, 13, 14, 12, 11]	[D, L, G, G, G, P, D, L, G]
[2, 5, 3, 4, 1, 7, 0, 8, 9, 6, 11, 12, 13, 10, 14, 15]	[P, D, P, G, L, G, G, L, L]
[2, 3, 7, 4, 1, 6, 0, 8, 5, 10, 11, 12, 9, 13, 14, 15]	[D, P, P, G, G, G, L, L, L]
[1, 2, 7, 3, 0, 5, 6, 4, 9, 10, 12, 8, 13, 14, 11, 15]	[L, L, D, L, G, G, P, G, L]
[1, 0, 2, 4, 5, 6, 3, 8, 9, 14, 7, 12, 13, 11, 10, 15]	[L, G, G, G, P, D, L, G, L]
[1, 2, 3, 4, 9, 5, 6, 8, 13, 0, 7, 11, 14, 10, 15, 12]	[G, P, D, D, L, L, G, L, G]
[1, 6, 2, 3, 5, 10, 8, 4, 9, 0, 7, 12, 13, 14, 11, 15]	[D, D, L, L, G, P, G, G, L]
[1, 3, 6, 4, 5, 2, 0, 8, 9, 11, 7, 12, 13, 10, 14, 15]	[D, P, G, L, G, P, G, L, L]
[5, 1, 2, 3, 6, 10, 7, 4, 9, 0, 11, 8, 13, 14, 15, 12]	[D, P, D, L, L, L, G, G, G]
[1, 2, 3, 4, 5, 6, 0, 8, 10, 15, 7, 11, 9, 13, 14, 12]	[G, P, P, G, L, L, D, L, G]
[1, 2, 3, 4, 5, 10, 6, 7, 9, 0, 15, 8, 13, 14, 12, 11]	[D, L, L, G, G, P, D, L, G]
[1, 2, 3, 4, 5, 6, 0, 8, 9, 14, 7, 10, 13, 15, 12, 11]	[G, L, G, P, P, D, L, L, G]
[1, 2, 3, 4, 0, 6, 7, 8, 5, 13, 11, 12, 10, 9, 14, 15]	[G, L, G, P, D, L, G, L, L]
[5, 0, 2, 3, 6, 1, 7, 4, 9, 10, 11, 8, 13, 14, 15, 12]	[G, P, D, L, L, L, G, G, G]
[5, 1, 3, 4, 0, 2, 7, 8, 10, 6, 11, 12, 9, 13, 14, 15]	[D, L, G, G, P, G, L, L, L]
[1, 0, 3, 4, 5, 2, 6, 11, 9, 10, 8, 7, 13, 14, 15, 12]	[G, L, L, G, P, D, L, G, G]
[1, 2, 4, 0, 5, 6, 3, 8, 9, 15, 7, 11, 13, 10, 14, 12]	[P, G, G, P, G, L, D, L, G]
[1, 2, 3, 4, 5, 6, 0, 7, 9, 10, 15, 8, 13, 14, 12, 11]	[L, G, G, P, D, L, G]
[2, 3, 4, 0, 1, 6, 7, 8, 5, 10, 11, 12, 9, 13, 14, 15]	[P, P, P, G, G, G, L, L, L]
[1, 2, 4, 0, 5, 6, 3, 8, 10, 11, 7, 12, 9, 13, 14, 15]	[P, G, G, P, P, G, L, L, L]
[1, 3, 7, 4, 5, 2, 10, 8, 9, 0, 6, 11, 13, 14, 15, 12]	[L, D, D, P, G, G, L, L, G]
[1, 2, 3, 4, 5, 6, 12, 7, 9, 0, 11, 8, 13, 10, 14, 15]	[L, D, L, G, P, P, G, L, L]
[1, 2, 3, 4, 5, 6, 0, 7, 9, 15, 11, 8, 13, 10, 14, 12]	[L, G, P, P, G, L, D, L, G]
[1, 3, 7, 4, 5, 2, 0, 8, 10, 6, 11, 12, 9, 13, 14, 15]	[D, P, G, G, P, G, L, L, L]
[1, 0, 7, 3, 5, 2, 6, 4, 9, 10, 12, 8, 13, 14, 11, 15]	[G, L, D, L, G, G, P, G, L]
[1, 2, 3, 4, 5, 6, 7, 8, 13, 9, 12, 15, 0, 10, 14, 11]	[D, L, G, L, L, D, P, G, L]
[1, 2, 3, 4, 5, 6, 7, 8, 14, 13, 10, 12, 0, 9, 11, 15]	[L, D, P, G, L, D, L, G, L]
[1, 2, 3, 4, 5, 6, 0, 8, 13, 11, 7, 12, 10, 9, 14, 15]	[G, P, G, P, D, L, G, L, L]
[1, 2, 3, 4, 6, 7, 0, 8, 5, 10, 15, 11, 9, 13, 14, 12]	[P, P, G, G, L, L, D, L, G]
[1, 2, 3, 4, 5, 6, 7, 8, 13, 9, 10, 0, 14, 11, 15, 12]	[G, P, P, P, D, L, L, G, L]
[1, 0, 2, 4, 6, 7, 3, 8, 5, 9, 10, 11, 13, 14, 15, 12]	[L, G, P, P, G, L, L, L, G]
[1, 2, 3, 4, 9, 5, 11, 7, 6, 0, 10, 8, 13, 14, 15, 12]	[P, D, L, G, L, D, L, G, G]
[1, 2, 3, 4, 5, 6, 7, 8, 9, 12, 14, 15, 13, 10, 0, 11]	[D, P, G, L, L, D, P, G, L]
[5, 1, 2, 4, 6, 3, 0, 8, 9, 10, 7, 11, 13, 14, 15, 12]	[P, P, D, L, L, G, G, L, G]
[1, 2, 3, 4, 5, 6, 0, 8, 13, 10, 7, 12, 14, 9, 11, 15]	[G, P, G, P, D, L, L, G, L]
[1, 2, 3, 0, 5, 6, 7, 4, 9, 14, 10, 8, 13, 15, 12, 11]	[G, G, G, P, P, D, L, L, G]
[5, 1, 2, 3, 6, 7, 0, 4, 9, 10, 11, 8, 13, 14, 15, 12]	[P, P, D, L, L, L, G, G, G]
[1, 6, 2, 3, 5, 7, 11, 4, 9, 10, 8, 0, 13, 14, 15, 12]	[P, D, P, D, L, L, G, G, G]
[1, 2, 3, 0, 5, 6, 7, 4, 10, 11, 12, 8, 9, 13, 14, 15]	[G, G, P, P, P, G, L, L, L]
[5, 1, 2, 4, 0, 6, 3, 7, 9, 10, 12, 8, 13, 14, 11, 15]	[D, L, L, G, L, G, P, G, L]
[1, 2, 3, 4, 0, 6, 7, 8, 5, 9, 12, 15, 13, 10, 14, 11]	[G, L, G, L, L, D, P, G, L]
[1, 2, 3, 4, 5, 6, 7, 8, 13, 11, 12, 0, 10, 9, 14, 15]	[P, P, G, P, D, L, G, L, L]
[5, 1, 2, 3, 9, 6, 7, 4, 13, 10, 11, 8, 0, 14, 15, 12]	[D, D, D, L, L, L, G, G, G]
[1, 3, 4, 8, 5, 2, 0, 6, 9, 10, 7, 11, 13, 14, 15, 12]	[L, D, P, P, G, L, G, L, G]
[1, 2, 3, 4, 5, 10, 6, 8, 9, 7, 11, 0, 13, 14, 15, 12]	[P, P, D, L, G, L, G]
[1, 2, 3, 4, 5, 6, 7, 8, 9, 14, 10, 15, 13, 12, 0, 11]	[P, D, L, L, G, P, D, L, G]
[1, 2, 8, 3, 5, 6, 7, 4, 9, 10, 15, 11, 13, 14, 0, 12]	[D, D, D, L, G, P, G, L, G]
[1, 6, 2, 3, 0, 5, 7, 4, 9, 10, 12, 8, 13, 14, 11, 15]	[L, D, L, L, G, G, P, G, L]
[1, 2, 3, 4, 5, 6, 7, 8, 13, 9, 11, 0, 10, 14, 15, 12]	[G, P, P, P, D, L, G, L, L]
[5, 1, 3, 4, 2, 10, 6, 8, 9, 0, 7, 12, 13, 14, 11, 15]	[D, P, D, L, G, L, G, G, L]
[5, 1, 2, 3, 0, 6, 8, 4, 9, 10, 7, 12, 13, 14, 11, 15]	[D, L, L, L, G, P, G, G, L]
[5, 1, 2, 3, 0, 6, 7, 4, 9, 10, 12, 8, 13, 14, 11, 15]	[D, L, L, L, G, G, P, G, L]
[1, 2, 3, 4, 9, 5, 6, 8, 13, 0, 7, 12, 14, 10, 11, 15]	[G, P, D, D, L, L, G, G, L]
[1, 2, 3, 4, 5, 6, 8, 15, 9, 10, 7, 0, 13, 14, 12, 11]	[D, P, G, L, G, P, D, L, G]
[1, 2, 3, 4, 6, 7, 11, 8, 5, 10, 14, 12, 9, 13, 0, 15]	[D, D, P, P, G, G, L, L, L]
[1, 2, 7, 3, 5, 6, 0, 8, 9, 10, 4, 11, 13, 14, 15, 12]	[G, L, D, P, D, L, G, G, G]
[1, 6, 2, 4, 5, 11, 3, 8, 9, 0, 7, 12, 13, 10, 14, 15]	[D, D, L, G, G, P, G, L, L]
[1, 2, 3, 4, 5, 7, 10, 8, 9, 6, 11, 12, 0, 13, 14, 15]	[L, L, D, D, P, G, L, G, L]
[1, 2, 4, 8, 5, 6, 3, 12, 9, 10, 11, 7, 13, 14, 0, 15]	[D, L, D, D, P, G, G, G, L]
[1, 2, 3, 4, 5, 6, 7, 8, 9, 10, 15, 11, 13, 14, 0, 12]	[D, L, G]
[1, 2, 3, 4, 5, 6, 7, 8, 9, 14, 12, 10, 13, 15, 0, 11]	[D, L, G, P, P, D, L, L, G]
[1, 2, 3, 4, 5, 6, 7, 8, 13, 9, 10, 0, 14, 15, 12, 11]	[G, P, P, P, D, L, L, L, G]
[2, 0, 3, 4, 1, 6, 7, 8, 5, 14, 10, 12, 9, 13, 11, 15]	[P, G, G, G, L, D, L, G, L]
[1, 2, 3, 4, 5, 6, 11, 7, 9, 0, 14, 8, 13, 15, 10, 12]	[L, G, P, D, L, D, L, G, G]
[1, 2, 3, 4, 5, 6, 7, 8, 10, 11, 14, 0, 9, 13, 15, 12]	[G, P, D, P, P, G, L, L, L]
[2, 3, 4, 0, 1, 6, 7, 8, 5, 9, 11, 12, 13, 10, 14, 15]	[P, P, P, G, G, L, G, L, L]
[1, 2, 3, 4, 6, 7, 0, 8, 5, 14, 10, 12, 9, 13, 11, 15]	[P, P, G, G, L, D, L, G, L]
[1, 2, 3, 4, 5, 10, 6, 8, 13, 9, 7, 11, 14, 15, 0, 12]	[P, P, D, L, D, L, G, L, G]
[1, 2, 3, 4, 6, 10, 7, 8, 5, 0, 15, 11, 9, 13, 14, 12]	[D, P, G, G, L, L, D, L, G]
[2, 3, 4, 0, 1, 5, 7, 8, 9, 6, 10, 11, 13, 14, 15, 12]	[P, P, P, G, L, G, L, L, G]
[1, 2, 3, 4, 5, 6, 7, 8, 9, 0, 14, 10, 13, 15, 12, 11]	[L, L, G, P, P, D, L, L, G]
[2, 6, 3, 4, 0, 1, 7, 8, 5, 9, 11, 12, 13, 10, 14, 15]	[L, D, P, G, G, L, G, L, L]
[2, 0, 3, 4, 1, 5, 7, 8, 9, 6, 15, 11, 13, 10, 14, 12]	[P, G, L, G, G, L, D, L, G]
[1, 2, 3, 0, 5, 6, 8, 4, 9, 10, 7, 15, 13, 14, 12, 11]	[G, P, G, L, G, P, D, L, G]
[1, 0, 2, 7, 5, 6, 4, 3, 9, 10, 11, 8, 13, 14, 15, 12]	[L, L, G, P, D, L, G, G, G]
[5, 1, 3, 4, 9, 2, 7, 8, 13, 6, 11, 12, 0, 10, 14, 15]	[D, D, D, L, G, G, G, L, L]
[1, 2, 3, 0, 5, 6, 7, 4, 9, 10, 15, 8, 13, 14, 12, 11]	[G, G, G, P, D, L, G]
[1, 2, 3, 4, 5, 6, 7, 8, 13, 9, 12, 0, 14, 11, 10, 15]	[P, G, P, P, D, L, L, G, L]
[1, 2, 3, 4, 5, 6, 8, 11, 9, 10, 15, 0, 13, 14, 12, 7]	[G, P, D, L, D, P, G, L, G]
[1, 2, 3, 4, 5, 6, 11, 7, 9, 10, 12, 0, 13, 14, 8, 15]	[P, G, L, D, P, D, L, G, G]
[1, 6, 2, 3, 5, 8, 0, 4, 9, 10, 7, 11, 13, 14, 15, 12]	[P, D, L, L, G, P, G, L, G]
[2, 3, 4, 0, 1, 5, 6, 8, 9, 10, 7, 12, 13, 14, 11, 15]	[P, P, P, G, L, L, G, G, L]
[2, 5, 3, 4, 0, 1, 6, 8, 9, 10, 7, 12, 13, 14, 11, 15]	[L, D, P, G, L, L, G, G, L]
[1, 2, 8, 3, 0, 5, 6, 4, 9, 10, 7, 11, 13, 14, 15, 12]	[L, L, D, L, G, P, G, L, G]
[1, 6, 2, 3, 5, 10, 7, 4, 13, 9, 11, 8, 0, 14, 15, 12]	[D, L, D, D, L, L, G, G, G]
[1, 2, 4, 0, 5, 7, 3, 8, 9, 6, 15, 11, 13, 10, 14, 12]	[P, G, P, G, G, L, D, L, G]
[1, 2, 7, 3, 5, 6, 0, 11, 9, 10, 8, 4, 13, 14, 15, 12]	[L, G, P, D, D, L, G, G, G]
[1, 3, 6, 4, 5, 2, 11, 7, 9, 10, 15, 8, 13, 14, 0, 12]	[D, D, D, P, G, L, L, G, G]
[1, 2, 8, 3, 5, 6, 4, 12, 9, 10, 7, 0, 13, 14, 11, 15]	[D, P, D, L, G, P, G, G, L]
[1, 2, 3, 4, 5, 6, 11, 7, 13, 0, 10, 8, 14, 9, 15, 12]	[G, P, D, L, L, D, L, G, G]
[5, 1, 2, 4, 6, 10, 3, 8, 9, 0, 7, 11, 13, 14, 15, 12]	[D, P, D, L, L, G, G, L, G]
[1, 3, 7, 4, 5, 2, 11, 8, 9, 6, 12, 0, 13, 10, 14, 15]	[P, D, D, P, G, G, G, L, L]
[1, 6, 2, 4, 0, 10, 3, 8, 5, 9, 7, 11, 13, 14, 15, 12]	[G, L, D, D, L, G, G, L, G]
[1, 2, 7, 3, 5, 6, 4, 8, 0, 9, 10, 11, 13, 14, 15, 12]	[L, L, L, D, P, D, L, G, G, G]
[0, 1, 2, 4, 6, 7, 3, 8, 5, 10, 11, 12, 9, 13, 14, 15]	[L, L, G, P, P, G, G, L, L, L]
[1, 2, 3, 4, 5, 6, 7, 8, 14, 13, 10, 11, 9, 15, 12, 0]	[P, P, D, P, G, L, D, L, L, G]
[5, 1, 2, 4, 9, 6, 3, 7, 10, 11, 0, 8, 13, 14, 15, 12]	[P, P, D, D, L, L, G, L, G, G]
[1, 2, 3, 4, 10, 0, 6, 8, 5, 14, 7, 12, 9, 13, 11, 15]	[P, G, G, L, D, D, L, G, G, L]
[1, 3, 7, 4, 5, 0, 2, 8, 10, 6, 11, 12, 9, 13, 14, 15]	[L, D, P, G, G, P, G, L, L, L]
[1, 6, 2, 3, 5, 7, 11, 4, 9, 10, 8, 12, 13, 14, 15, 0]	[D, P, D, P, D, L, L, G, G, G]
[5, 1, 2, 4, 6, 10, 3, 8, 9, 14, 7, 11, 13, 0, 15, 12]	[D, D, P, D, L, L, G, G, L, G]
[1, 2, 3, 4, 5, 6, 7, 8, 13, 11, 12, 15, 10, 9, 14, 0]	[D, P, P, G, P, D, L, G, L, L]
[0, 2, 3, 4, 1, 6, 7, 8, 5, 13, 10, 11, 14, 9, 15, 12]	[G, G, L, G, P, D, L, L, L, G]
[1, 2, 3, 4, 5, 6, 7, 8, 9, 15, 0, 12, 13, 10, 11, 14]	[G, L, D, P, P, G, L, D, L, G]
[0, 2, 3, 4, 1, 6, 7, 8, 5, 9, 12, 15, 13, 10, 14, 11]	[G, G, L, G, L, L, D, P, G, L]
[2, 5, 3, 4, 1, 0, 6, 8, 9, 11, 7, 12, 13, 10, 14, 15]	[D, P, G, L, L, G, P, G, L, L]
[1, 2, 3, 4, 6, 10, 7, 8, 5, 15, 0, 11, 9, 13, 14, 12]	[P, D, P, G, G, L, L, D, L, G]
[1, 2, 3, 4, 5, 6, 7, 8, 14, 10, 15, 11, 9, 13, 12, 0]	[P, D, P, P, G, L, D, L, L, G]
[1, 2, 3, 4, 5, 6, 8, 12, 9, 11, 14, 7, 13, 10, 15, 0]	[P, D, L, D, P, G, P, G, L, L]
[1, 2, 3, 4, 9, 5, 7, 8, 13, 10, 0, 11, 14, 6, 15, 12]	[P, G, P, D, D, L, G, L, L, G]
[1, 2, 4, 8, 5, 7, 3, 11, 9, 6, 10, 12, 13, 14, 15, 0]	[D, D, D, P, G, P, G, L, L, G]
[2, 3, 7, 4, 1, 5, 8, 0, 9, 6, 10, 12, 13, 14, 11, 15]	[P, D, P, P, G, L, G, L, G, L]
[1, 2, 3, 4, 5, 6, 7, 8, 10, 15, 11, 12, 9, 13, 14, 0]	[D, P, P, P, G, L, L, D, L, G]
[1, 2, 3, 4, 5, 7, 10, 8, 13, 6, 0, 12, 14, 9, 11, 15]	[D, P, G, G, P, D, L, L, G, L]
[6, 2, 0, 4, 1, 5, 3, 8, 9, 10, 7, 11, 13, 14, 15, 12]	[P, P, G, L, D, L, G, G, L, G]
[2, 3, 4, 8, 1, 5, 6, 0, 9, 10, 7, 12, 13, 14, 11, 15]	[D, P, P, P, G, L, L, G, G, L]
[1, 6, 2, 4, 5, 10, 3, 8, 13, 9, 7, 12, 14, 0, 11, 15]	[P, D, L, D, D, L, G, G, G, L]
[0, 1, 2, 4, 5, 6, 3, 7, 9, 10, 15, 8, 13, 14, 12, 11]	[L, L, G, L, G, G, P, D, L, G]
[1, 2, 7, 3, 5, 6, 11, 4, 9, 10, 0, 12, 13, 14, 8, 15]	[G, L, D, P, D, D, L, G, G, G]
[5, 1, 2, 3, 9, 0, 7, 4, 10, 6, 11, 8, 13, 14, 15, 12]	[G, P, D, D, L, L, L, G, G, G]
[1, 2, 3, 4, 5, 6, 8, 0, 9, 10, 15, 11, 13, 14, 12, 7]	[G, G, P, D, L, D, P, G, L, G]
[1, 2, 3, 4, 6, 10, 7, 8, 5, 11, 14, 12, 9, 13, 15, 0]	[P, D, P, D, P, G, G, L, L, L]
[1, 2, 3, 4, 5, 6, 7, 8, 13, 10, 15, 11, 14, 9, 12, 0]	[P, D, P, G, P, D, L, L, L, G]
[1, 2, 3, 4, 5, 6, 11, 7, 9, 10, 12, 15, 13, 14, 8, 0]	[P, D, L, G, P, D, D, L, G, G]
[5, 1, 7, 3, 9, 2, 6, 4, 0, 10, 11, 8, 13, 14, 15, 12]	[D, D, L, G, L, D, L, G, G, G]
[5, 1, 2, 4, 9, 6, 3, 7, 13, 10, 11, 8, 14, 0, 15, 12]	[P, D, D, D, L, L, G, L, G, G]
[1, 2, 11, 3, 5, 6, 4, 0, 9, 10, 8, 7, 13, 14, 15, 12]	[P, D, L, G, G, P, D, L, G, G]
[1, 2, 3, 4, 5, 6, 11, 0, 9, 10, 8, 12, 13, 14, 7, 15]	[P, G, G, L, D, D, P, G, L, G]
[1, 2, 3, 4, 5, 6, 7, 8, 9, 12, 14, 15, 13, 10, 11, 0]	[P, D, P, G, L, L, D, P, G, L]
[1, 3, 7, 4, 5, 2, 11, 8, 9, 6, 12, 15, 13, 10, 14, 0]	[D, P, D, D, P, G, G, G, L, L]
[1, 2, 3, 4, 5, 6, 7, 8, 13, 11, 0, 12, 10, 9, 14, 15]	[P, G, P, D, L, G, L, L]
[1, 7, 6, 3, 5, 0, 2, 4, 9, 10, 11, 8, 13, 14, 15, 12]	[L, D, P, G, L, D, L, G, G, G]
[1, 3, 6, 4, 5, 2, 11, 0, 9, 10, 8, 7, 13, 14, 15, 12]	[G, P, D, D, P, G, L, L, G, G]
[1, 2, 7, 3, 5, 6, 11, 4, 9, 10, 8, 12, 13, 0, 14, 15]	[L, L, D, P, D, D, L, G, G, G]
[2, 6, 3, 4, 1, 7, 8, 0, 5, 10, 11, 12, 9, 13, 14, 15]	[P, P, D, P, G, G, G, L, L, L]
[1, 2, 3, 4, 5, 6, 11, 7, 10, 13, 15, 8, 9, 0, 14, 12]	[D, P, G, L, L, D, D, L, G, G]
[1, 2, 3, 4, 5, 6, 7, 8, 9, 15, 14, 10, 13, 0, 12, 11]	[D, L, L, G, P, P, D, L, L, G]
[5, 1, 2, 4, 6, 3, 7, 8, 9, 10, 0, 12, 13, 14, 11, 15]	[D, P, P, D, L, L, G, G, G, L]
[1, 3, 6, 4, 5, 10, 2, 7, 9, 11, 0, 8, 13, 14, 15, 12]	[P, D, L, D, P, G, L, L, G, G]
[0, 6, 3, 4, 2, 1, 7, 8, 5, 10, 11, 12, 9, 13, 14, 15]	[G, L, D, P, G, G, G, L, L, L]
[1, 2, 3, 4, 5, 6, 7, 8, 10, 11, 12, 15, 9, 0, 13, 14]	[L, L, D, P, P, P, G, L, L, L]
[1, 6, 3, 4, 5, 7, 2, 0, 9, 10, 11, 8, 13, 14, 15, 12]	[D, P, G, P, D, L, L, G, G, G]
[1, 2, 3, 4, 6, 0, 7, 8, 5, 10, 12, 15, 9, 13, 14, 11]	[P, G, G, L, L, L, D, P, G, L]
[0, 5, 2, 3, 6, 1, 7, 4, 9, 10, 11, 8, 13, 14, 15, 12]	[L, G, P, D, L, L, L, G, G, G]
[1, 3, 7, 4, 5, 2, 11, 8, 9, 10, 6, 12, 13, 0, 14, 15]	[D, L, D, D, P, G, G, G, L, L]
[1, 2, 3, 4, 5, 6, 8, 0, 14, 10, 7, 11, 9, 13, 15, 12]	[P, G, P, P, G, L, D, L, L, G]
[2, 3, 7, 4, 1, 6, 8, 0, 5, 9, 11, 12, 13, 10, 14, 15]	[P, D, P, P, G, G, L, G, L, L]
[5, 3, 0, 4, 2, 1, 6, 8, 9, 10, 7, 11, 13, 14, 15, 12]	[P, G, P, D, L, G, L, G, L, G]
[0, 1, 2, 3, 5, 6, 7, 4, 9, 10, 15, 8, 13, 14, 12, 11]	[L, L, L, G, G, G, P, D, L, G]
[1, 6, 2, 3, 5, 0, 7, 4, 9, 10, 15, 8, 13, 14, 12, 11]	[D, L, L, G, G, G, P, D, L, G]
[5, 1, 2, 3, 9, 6, 7, 4, 10, 11, 0, 8, 13, 14, 15, 12]	[P, P, D, D, L, L, L, G, G, G]
[1, 3, 7, 4, 6, 2, 11, 8, 5, 9, 0, 12, 13, 10, 14, 15]	[D, D, P, G, P, G, L, G, L, L]
[1, 2, 3, 4, 5, 6, 7, 8, 13, 9, 0, 10, 14, 11, 15, 12]	[L, G, P, P, P, D, L, L, G, L]
[2, 3, 7, 4, 1, 6, 11, 8, 5, 9, 0, 12, 13, 10, 14, 15]	[D, D, P, P, G, G, L, G, L, L]
[1, 2, 7, 3, 5, 6, 4, 0, 9, 10, 11, 8, 13, 14, 15, 12]	[P, D, L, G, G, G]
[1, 2, 4, 7, 5, 6, 3, 0, 9, 10, 11, 8, 13, 14, 15, 12]	[D, P, G, L, G, G]
[5, 1, 2, 3, 9, 6, 7, 4, 13, 10, 11, 8, 14, 0, 15, 12]	[P, D, D, D, L, L, L, G, G, G]
[1, 2, 3, 4, 9, 5, 6, 7, 13, 10, 12, 8, 14, 0, 11, 15]	[P, D, D, L, L, L, G, P, G, L]
[1, 2, 3, 4, 5, 6, 7, 8, 13, 9, 0, 10, 14, 15, 12, 11]	[L, G, P, P, P, D, L, L, L, G]
[5, 1, 2, 4, 9, 7, 3, 8, 0, 6, 11, 12, 13, 10, 14, 15]	[D, D, L, L, G, P, G, G, L, L]
[1, 2, 4, 8, 5, 6, 7, 0, 9, 10, 11, 3, 13, 14, 15, 12]	[G, P, D, L, D, P, G, G, L, G]
[1, 6, 2, 3, 5, 10, 7, 4, 9, 11, 8, 12, 13, 14, 15, 0]	[D, P, P, D, D, L, L, G, G, G]
[1, 2, 3, 4, 5, 0, 7, 12, 9, 6, 8, 10, 13, 14, 11, 15]	[L, G, L, D, P, P, G, L, G, L]
[0, 1, 3, 4, 9, 2, 7, 8, 6, 5, 11, 12, 13, 10, 14, 15]	[L, G, G, P, D, L, G, G, L, L]
[0, 1, 6, 3, 5, 7, 2, 4, 9, 10, 11, 8, 13, 14, 15, 12]	[L, L, G, P, D, L, L, G, G, G]
[1, 2, 3, 4, 5, 6, 7, 8, 0, 14, 10, 15, 9, 13, 12, 11]	[G, L, D, L, L, G, P, D, L, G]
[1, 2, 3, 4, 5, 6, 11, 7, 9, 14, 10, 12, 13, 0, 8, 15]	[D, L, G, L, D, P, D, L, G, G]
[1, 2, 3, 4, 5, 6, 7, 8, 10, 13, 11, 12, 9, 0, 14, 15]	[D, P, G, L, L, L]
[2, 3, 6, 4, 1, 5, 7, 8, 9, 10, 0, 12, 13, 14, 11, 15]	[D, D, P, P, G, L, L, G, G, L]
[5, 1, 2, 3, 6, 10, 7, 4, 9, 11, 0, 8, 13, 14, 15, 12]	[P, D, P, D, L, L, L, G, G, G]
[1, 3, 7, 4, 6, 2, 8, 0, 5, 10, 11, 12, 9, 13, 14, 15]	[P, D, P, G, P, G, G, L, L, L]
[6, 2, 0, 4, 1, 5, 3, 7, 9, 10, 11, 8, 13, 14, 15, 12]	[P, P, G, L, D, L, G, L, G, G]
[2, 3, 4, 8, 1, 6, 7, 0, 5, 9, 11, 12, 13, 10, 14, 15]	[D, P, P, P, G, G, L, G, L, L]
[5, 1, 3, 4, 10, 2, 7, 8, 0, 6, 11, 12, 9, 13, 14, 15]	[D, D, L, G, G, P, G, L, L, L]
[5, 1, 2, 3, 6, 0, 8, 4, 9, 10, 7, 12, 13, 14, 11, 15]	[P, D, L, L, L, G, P, G, G, L]
[2, 3, 7, 4, 1, 0, 5, 8, 9, 6, 11, 12, 13, 10, 14, 15]	[L, D, P, P, G, L, G, G, L, L]
[1, 6, 0, 3, 5, 10, 2, 4, 9, 11, 7, 8, 13, 14, 15, 12]	[G, G, P, D, D, L, L, G, G, G]
[1, 2, 0, 3, 5, 6, 7, 4, 9, 14, 11, 8, 13, 15, 10, 12]	[L, G, G, P, G, P, D, L, L, G]
[1, 2, 3, 4, 5, 0, 11, 7, 14, 6, 10, 8, 9, 13, 15, 12]	[G, P, G, L, D, L, D, L, G, G]
[6, 1, 3, 4, 5, 2, 7, 8, 0, 10, 11, 12, 9, 13, 14, 15]	[D, D, L, G, P, G, G, L, L, L]
[1, 2, 0, 4, 6, 7, 3, 8, 5, 14, 10, 12, 9, 13, 11, 15]	[G, P, P, G, G, L, D, L, G, L]
[5, 1, 3, 4, 9, 2, 7, 8, 13, 6, 10, 12, 14, 0, 11, 15]	[P, D, D, D, L, G, G, L, G, L]
[2, 3, 0, 4, 1, 10, 6, 8, 5, 9, 7, 11, 13, 14, 15, 12]	[P, P, G, G, L, D, L, G, L, G]
[1, 2, 3, 4, 5, 6, 8, 0, 9, 12, 7, 15, 13, 10, 14, 11]	[P, G, P, G, L, L, D, P, G, L]
[1, 2, 3, 4, 5, 6, 7, 8, 9, 14, 0, 15, 13, 11, 12, 10]	[G, L, D, P, G, P, D, L, G, L]
[5, 1, 2, 3, 9, 6, 8, 4, 0, 10, 7, 12, 13, 14, 11, 15]	[D, D, L, L, L, G, P, G, G, L]
[1, 2, 3, 4, 6, 9, 11, 7, 5, 10, 0, 8, 13, 14, 15, 12]	[P, D, P, G, L, L, D, L, G, G]
[1, 2, 3, 4, 6, 14, 7, 8, 0, 5, 10, 11, 9, 13, 15, 12]	[L, D, P, G, G, L, D, L, L, G]
[1, 3, 4, 8, 5, 2, 7, 0, 10, 6, 11, 12, 9, 13, 14, 15]	[D, P, P, G, G, P, G, L, L, L]
[1, 2, 7, 3, 5, 6, 12, 4, 9, 10, 11, 8, 13, 14, 15, 0]	[P, D, D, D, L, G, G, P, G, L]
[1, 2, 3, 4, 5, 6, 7, 8, 14, 13, 10, 11, 9, 0, 15, 12]	[D, P, G, L, D, L, L, G]
[1, 2, 7, 3, 5, 6, 4, 8, 9, 10, 11, 12, 13, 0, 14, 15]	[L, L, D, D, P, D, L, G, G, G]
[1, 2, 4, 7, 5, 6, 3, 8, 9, 10, 12, 15, 13, 14, 11, 0]	[D, D, D, P, G, L, G, P, G, L]
[1, 6, 2, 3, 5, 0, 10, 4, 9, 11, 7, 8, 13, 14, 15, 12]	[L, G, P, D, D, L, L, G, G, G]
[1, 6, 2, 4, 5, 3, 7, 0, 9, 10, 12, 8, 13, 14, 11, 15]	[P, P, D, L, G, L, G, P, G, L]
[1, 2, 3, 4, 9, 5, 6, 11, 0, 10, 8, 7, 13, 14, 15, 12]	[D, L, L, L, G, P, D, L, G, G]
[1, 2, 3, 4, 5, 7, 11, 8, 13, 9, 6, 12, 10, 0, 14, 15]	[P, D, L, L, D, P, G, G, L, L]
[1, 2, 3, 4, 5, 10, 6, 7, 9, 12, 11, 8, 13, 14, 15, 0]	[P, D, P, D, L, L, G, P, G, L]
[1, 2, 3, 4, 6, 7, 10, 8, 5, 9, 11, 12, 13, 14, 15, 0]	[P, D, D, P, P, G, L, L, G, L]
[1, 2, 0, 3, 5, 6, 7, 4, 10, 11, 12, 8, 9, 13, 14, 15]	[L, G, G, P, P, P, G, L, L, L]
[1, 3, 0, 8, 5, 2, 4, 6, 9, 10, 7, 11, 13, 14, 15, 12]	[G, L, D, P, P, G, L, G, L, G]
[1, 2, 3, 4, 5, 6, 11, 0, 9, 14, 10, 7, 13, 15, 12, 8]	[G, G, P, P, D, L, D, L, G, G]
[1, 2, 4, 8, 9, 5, 6, 3, 0, 10, 7, 12, 13, 14, 11, 15]	[D, L, L, L, D, P, G, G, G, L]
[1, 2, 8, 3, 5, 6, 7, 4, 9, 14, 10, 12, 13, 0, 11, 15]	[D, L, D, D, L, G, P, G, G, L]
[5, 1, 3, 4, 2, 7, 10, 8, 9, 6, 0, 11, 13, 14, 15, 12]	[D, P, P, D, L, G, G, L, L, G]
[5, 1, 2, 3, 6, 0, 8, 4, 9, 10, 7, 11, 13, 14, 15, 12]	[P, D, L, L, L, G, P, G, L, G]
[2, 3, 0, 4, 1, 10, 6, 8, 5, 9, 7, 12, 13, 14, 11, 15]	[P, P, G, G, L, D, L, G, G, L]
[2, 3, 4, 8, 1, 6, 7, 0, 5, 10, 11, 12, 9, 13, 14, 15]	[D, P, P, P, G, G, G, L, L, L]
[2, 6, 3, 4, 1, 0, 7, 8, 5, 10, 15, 11, 9, 13, 14, 12]	[D, P, G, G, G, L, L, D, L, G]
[1, 2, 4, 8, 5, 6, 3, 11, 9, 10, 0, 12, 13, 14, 7, 15]	[G, L, D, D, D, P, G, G, L, G]
[0, 1, 3, 4, 5, 2, 6, 7, 9, 11, 12, 8, 13, 10, 14, 15]	[L, G, L, L, G, P, P, G, L, L]
[0, 6, 3, 4, 2, 1, 7, 8, 5, 9, 11, 12, 13, 10, 14, 15]	[G, L, D, P, G, G, L, G, L, L]
[1, 2, 7, 3, 5, 6, 11, 4, 0, 10, 15, 8, 9, 13, 14, 12]	[G, L, L, D, D, D, L, G, G, G]
